This output is printed to file by console_output.java class
15430	6179	9194	398	13806	8540	700	11986	12820	15412	
18604	16365	6917	3318	15213	783	16780	3418	9276	10193	
2855	17663	16425	5804	10046	10632	4139	15939	12932	13308	
12327	17556	16147	6731	12488	15419	13038	16581	5819	10962	
19240	15682	9718	11921	7951	8816	13109	4068	11960	5660	
2160	1235	7591	17266	680	2797	18766	6466	3082	6864	
10284	12114	4509	16504	15403	17953	13994	13409	4496	3050	
7256	19287	4698	19481	14323	4975	3368	17287	2330	508	
8265	7340	
18511	15292	
