This output is printed to file by console_output.java class
Array Before Sorting:

896102
8178836
4998760
5881007
5841948
9646907
4051786
2062676
4723739
3500673
1584462
1864197
5194874
6672954
6792287
2470435
186469
8935014
6489242
4184535
3737734
1280308
8767879
7109622
9576147
528110
6019669
3072282
1813624
5020502
6190870
57940
8447813
7622507
8942115
6105505
5847931
9508341
2336368
3307082
1435395
7645308
2844469
7123397
7300672
9162870
365722
2017405
8889
4669365
1485932
805308
3087461
6370113
2048420
3030926
6780148
918050
4960547
2655831
3354860
5394812
312631
2336902
1905151
388984
3248294
74243
2686971
5573651
7658174
3826416
6432753
4561053
7542101
6314343
5256850
8010994
4333518
7565871
3379417
7624410
6575839
9126532
1548489
4245999
4912681
7981815
4041457
6851905
1926302
149172
2918993
391333
1830023
437846
4652709
2001309
4350772
2760204
9434874
3117663
6345572
8186387
3460895
6865613
3509174
4188607
7784799
3038326
4560760
5920443
4747114
8191287
9916281
8753651
5996723
3796542
492922
8834146
7651671
8015738
3753278
9506580
3040822
7484577
8365383
4009636
6935799
9154393
2500108
2830868
9343566
2805935
1656486
4206961
2169917
3646862
2729344
7138096
3469769
9720714
2441536
8788776
5609003
2520332
7130610
3929747
121494
3954308
2121954
4773012
7483693
3221439
8455155
6281017
3871278
3618564
1030435
6308667
708898
6514141
8157167
4078922
4149228
5833421
7825387
6379701
6117542
8537180
6577641
7481417
9655895
4154538
698422
2131087
8576804
7969791
814024
7574355
5200333
3452854
6043593
966828
660690
1696010
7036752
6437038
2221506
6133418
5119136
1415126
5397140
8098096
1299156
9681126
8490836
1265996
4690437
3558933
3692216
24865
7649498
2117938
1875252
8501234
4968095
4977562
9307165
1611757
8056506
9474569
4985993
5723438
5807038
4376721
928754
7293988
7525739
6308459
8267513
8864569
301719
2731607
827330
4450330
4180682
7411923
7274704
3638667
2760640
9525904
9121465
7696784
7172409
1244827
8922620
1550234
1761469
9873345
8834767
9905069
5902375
6649867
5173442
1784009
5670937
3177521
4168997
3767575
4557058
9778521
4477180
4178263
5515316
6327677
3887961
3987435
6396336
6357844
6973392
297299
118228
89947
6971254
7210395
104496
121674
9793136
7590876
4412605
4275914
3077774
3925201
39797
6470641
9841518
7450590
991389
127827
5501429
6164629
1894167
7997338
2519628
7973022
7088822
860883
9633720
8198932
5703750
4871311
8381881
3236051
3262807
8227471
567393
3637462
5172426
4227298
4768959
8891778
9804294
2874718
9845564
9891909
1949443
428394
6379183
8958223
1062245
8754282
745896
3935455
9109826
75658
3446940
1859471
2342357
1594366
6641643
7305526
5191788
3536561
5249190
289781
3846228
9270138
4450358
864762
9682896
246295
8995961
1284657
2554016
9987600
2078378
7834433
6703586
8150205
7412598
8669808
6417117
2316836
8176984
852973
9870434
3526893
2762765
8734341
993158
302448
4373193
6813771
6673643
9538859
453410
7373291
3091155
2927649
1008211
6968522
8322132
1051799
6077596
311739
2980001
2136952
4694948
1267799
5114631
9089421
8783836
6022154
3006375
9373563
645279
9611133
2592620
8845255
8700244
3011959
9201499
3995614
3529229
4648364
5159730
4210102
5474055
4907265
1583267
4256013
2649283
9027807
4972924
5660099
4307170
6173555
6362120
3973630
9890131
2987691
7053458
2956805
4826621
1468849
3491113
1362184
5127499
2310859
9551234
5304389
225869
6315233
6227998
5836487
1624574
5378104
9682324
6903969
4622749
1805102
797212
8322889
3869026
456446
3071136
2981315
7040734
6125114
2339616
9519918
2994766
8476810
3576377
2971235
8769676
9238344
1003648
617884
9577317
8036394
7553345
1449384
3126087
8000144
5311050
3661741
7171529
1698958
8546237
8382396
7374379
1764844
9223258
5618681
7724782
2251747
5786858
1823243
4638112
1154137
6362581
1052733
3543388
2879565
5530127
716835
9191689
1591305
8659569
5927854
1950310
7878490
4517238
9593110
4996280
1715555
9862393
8041682
7530898
9250151
9781469
7096242
8332478
6342358
7739315
2449287
870808
8840818
2999710
6284779
6503708
2765739
6884962
8937982
5909637
322869
3433156
2619638
7509046
7676345
4617874
7960512
675354
6035204
2061872
3463754
5232192
5871127
580579
8446081
4151373
8224379
3901604
9565383
4390945
7212230
4891241
3538037
6097823
3005673
7707293
8751380
4376424
7602656
962941
8104602
9649843
4927430
2644003
3084687
2994502
7198368
5017974
2277465
2635372
9377963
2128022
2466777
1981200
8670770
2178467
4191164
4052177
6374757
1028399
9873322
6511613
4589974
7779144
1944533
7632833
9690114
1211881
5402808
2351992
2134924
2940454
1240193
8174655
4992241
5360093
5019099
1442394
4250867
5896640
6349856
5314475
1977883
1303164
6989290
9643888
8853958
4323277
8236269
5656672
837015
6624328
8054899
8458881
1050355
8283894
8130200
7126164
7321470
8053562
9667366
1553101
9169343
5575276
5170095
2769943
4620774
8374090
6982762
1735554
1230249
1199353
6872699
1392758
6879108
8391733
3581415
3856801
9602789
1696405
70445
7115615
5225479
6968607
4216252
5104083
8620874
9220157
7574590
5705037
3193005
4215016
6538805
2497945
3337790
4891415
6610202
4416556
1020110
2996929
5735274
6525993
756911
5991649
5947183
3749634
623103
5110051
8861596
756690
8446273
1956239
3206861
7787515
66976
8646263
7487737
7009610
2414801
7734217
846105
4857333
4550872
3380849
7635133
9521530
8364141
2658154
1883781
3291130
8549289
5967959
558317
229671
6347005
5973790
8707033
9598094
8925346
5111864
1730486
3651482
6324104
5087972
342452
5813859
1396473
8724382
8943542
896031
9895063
6296015
6294702
6512017
4883065
8918046
699962
4960964
7320863
7709938
3392123
105211
9115762
520381
3942561
2060910
4280423
5713374
7764929
9217572
5040985
4241649
779909
3704482
3760373
2099899
6711720
7307361
3551663
1787507
4671759
7032068
2307726
3020273
8022460
2574933
9010081
3488267
2401614
8702757
7289675
417660
1183777
6432680
2421124
3699004
8008101
4579891
3372991
9549686
2290825
9332371
4257441
752588
4590223
6093887
5761969
3117330
6824631
79346
3730392
5740097
9286242
3717837
8668241
2089059
6796508
2331891
406778
3197451
4609422
8316332
4430729
6629347
5603174
409594
7591913
9833679
8762073
1626223
4348632
2835735
8319909
7731558
8220776
1363965
4225712
9197764
2294715
3809506
1742946
3489301
4579336
6873110
9808717
2869813
7887456
3271148
238170
2137379
8366613
2688226
4411501
2438646
9057310
3220295
7143581
7808122
4907856
5202142
5446186
2413965
1478947
4757324
8409696
5909309
4059382
2539813
4272312
4946191
5179177
4637462
1963103
125562
260731
5571210
1016902
8381911
5215082
1925426
819333
3180749
5217432
739919
4031197
3185985
1104793
9821521
9669372
4374514
7104488
4172329
7461170
2455202
6714254
9889878
8449956
7342506
4813223
1548256
9821655
6071273
4094101
5232989
916541
2052107
9962317
689691
3939750
814980
2116653
751359
42606
9045494
5146328
7397688
7643152
8208527
9101764
7503869
6678175
6170131
967345
2257493
4748094
7289964
3004499
9128311
6719134
103590
4326530
1479434
9001729
8584487
6480369
3949674
525071
9448510
1479740
1911872
3161487
5707274
2648167
4957861
9750481
8046329
5187942
924708
3142798
8475024
8379947
8916046
5580766
3386549
9505662
4223235
5958572
9920442
7745132
9017500
3692994
2749578
8726858
6013479
2977045
4192224
7969608
7710045
9076956
2760882
8574407
6744282
1473725
7252131
7553896
3721334
1370532
244116
8735688
9251839
425158
3615979
7925171
7115309
795180
4720677
3933817
1455713
3480735
9802405
4158334
2264917
3620428
2693503
7702437
1024446
6307107
8701964
9578037
1106226
1593219
7206407
2290875
9557352
1373906
4312080
5560620
646749
2100361
5569350
6320471
2200763
4239607
2958132
7140799
5448608
4925753
6778171
4722003
5777010
1434591
3569125
5488561
8707129
6884120
8119549
2924528
7648867
9636802
5610195
2009336
7857625
4306458
5063658
7568724
5447422
8241196
9975014
1318130
3072435
8461675
1287887
3071972
2131175
1716597
2481241
7418575
6397653
7992768
8460217
6144680
8445500
2338637
7588541
7697890
3015223
5698762
6370583
2788897
4442402
6525595
8907217
164521
9100147
4074224
8858845
6109416
2291056
3212386
8525884
165524
1215035
6197066
7469408
1501323
3456871
4790404
2912792
7827535
3759021
9693184
7084991
4203711
6203951
6134630
5262194
3571120
6346586
9767073
86792
1367543
2781551
1889073
3761228
8530420
8524065
740867
5543680
2611537
1311990
2071639
6326557
312951
1286408
4446746
3380169
2107527
9079082
1277480
689860
7868393
2920676
7138549
5621027
1230987
3673911
5558596
5738760
9902195
1710764
2183564
241519
3149178
1124865
4987277
9891988
4170782
6611106
1539798
3804339
1017895
9510781
5077567
410139
3382203
2948166
7007299
8718720
6270302
7783531
587815
318930
1412285
9420081
4477937
7863750
5680589
9318173
637101
7844125
747143
2305054
2256031
2301557
9196146
6455349
2661546
6486372
2545985
142473
7751175
7166755
2923259
8181289
4384595
198709
116834
9090087
1490124
3272321
8930220
5731621
2551663
3632149
1792644
8735595
9510716
5615393
8175146
3176098
2294760
3492433
9173486
1502477
3243370
87906
9983354
5771296
2913987
6698161
1062850
6791566
7313694
1201953
4820860
9834193
9052696
5201532
7735561
533768
1819825
8992008
2879672
9401498
3318848
7815622
9086590
718889
7280194
9981136
345975
3408487
4896478
6335355
9045439
8862381
1283671
8021318
3810426
6348298
5364996
4682277
6505921
118320
9686632
7899070
6187242
5069184
1891448
9553438
6681646
1704041
8875668
2470599
6910921
176968
5986056
3891850
2761539
1400684
637869
7848908
8071268
3945591
7186631
14401
4957580
1992264
7564048
7685320
9206014
194253
3099
5526754
6233713
1446259
4082214
1314109
5660714
1407427
3037153
595112
5414276
7694422
27570
4277894
1761677
2946824
4058467
7731770
9166783
8699860
9136265
7154595
6524717
8009735
9245726
5695482
5990707
2364869
6443081
3358707
2796677
2169099
5908914
1490732
8184295
7118462
4478726
3483211
9938988
9645192
3272144
9711892
297651
6337139
9775701
348454
9343014
2454045
4554767
3665302
6765222
8815484
3686987
9236857
8594166
7245266
3919135
8848683
1553093
7953556
8353098
3131225
6697507
1881412
3240618
8869359
4396516
1262129
5095804
9753413
3294281
9495892
2707955
9104010
430810
2451312
3145457
4796200
8232989
1229434
4282362
141971
7199279
8988287
5706189
6955460
795485
7465162
6912854
1612263
933082
2376074
6522163
1598013
252686
442013
5423534
1484130
8465424
1259341
9419058
6895127
3115914
5419267
2445619
5585937
2810825
1481765
6873871
4615337
5964340
3831518
836340
4668094
4811732
8170394
5313761
1338057
4826670
5976204
9058950
9962367
9412740
8226939
95373
4704455
3465710
3174937
8883709
7240214
5091901
1049577
8347022
6655495
2379238
1556631
3170264
208811
5804781
8300540
9150954
8287364
732343
2075727
1932975
4335862
6233539
3421496
3198943
2494963
6860006
3321376
792510
8174280
8707509
6281575
9801490
8188431
117075
565131
6097917
674324
2923650
446547
3240384
2099556
5821545
7111230
996109
7050570
4272375
7258813
9803187
6924314
4789211
4981646
7338676
8332985
8331906
6017607
2269750
440494
8586256
7239219
9863209
9526772
9514777
7427391
9534803
9001517
9035852
2584586
1708758
9702465
8606354
3889410
2992721
9661650
2972523
4682374
7431411
9184224
8373473
1105549
8761847
8531984
9815240
761239
9190868
7283257
1503995
5617896
1621560
3572325
2451577
9386926
844430
8221302
7917251
8292471
8671852
1046268
1769616
5581862
1189722
3815214
5937836
6840249
3774032
8246304
4262667
4916506
5773624
8122949
5600586
9205966
8339814
4939098
4297283
844092
6653860
7338354
3837236
8046842
4635238
1350581
9922958
4095191
9860952
5928058
4758847
1241502
7446646
826132
1577864
8880639
2723426
5224799
4292490
3485766
4713551
7735036
289289
3335136
3884969
2790741
8757466
837077
3627126
8081403
5945121
3457624
6903449
8979802
9173780
3797128
6260151
9522225
7547449
2831514
182443
9383524
9925414
5760534
2649717
5939543
5109382
2712074
3378101
4760670
4432516
4023353
9307816
3833833
2264950
2830291
9529185
3275646
8351364
3502654
8388387
2722536
3860970
4371079
38505
4992585
1976221
1521740
6011737
6183058
1109169
9142452
9593129
2688519
7274416
9919101
6029330
1020142
4678344
2860190
5404
1996211
3356734
118775
7233770
3638471
2897632
9917474
6657157
750435
8976059
3271646
7121360
398554
5243149
7655335
6862686
3402938
7291004
4664675
8664048
8457001
7598089
31351
679405
6019646
5402064
1820450
9208724
748232
4846756
9518426
8402533
2943444
1905614
8215408
3229845
8087422
5449490
9861030
4765625
9459360
5747942
8483030
7801538
1902602
9560332
9114350
9489722
9670077
1654979
2617375
9507493
9255700
8756786
1467201
6202491
4324006
3888563
54967
1037500
9347896
4314663
4915664
2135826
5937915
2810642
5441726
6641529
2158140
1528612
9862541
7941225
9799312
4212230
8918258
8804418
9710401
5102654
4374018
7939928
575100
3282867
3090403
8038314
1824373
8352031
7353209
7574429
5940657
5994583
7861150
6271617
8261141
2931299
1664353
8181766
9053394
7273137
6735215
4522578
5684727
8535374
9543603
7385347
2671275
3892840
8525809
307128
6502879
3118921
6856967
9199742
1652347
3378948
7297547
6591731
112239
1933299
336528
4587273
2234203
9629964
917161
2623734
7356515
350417
4295138
9315140
6288132
6091958
1870663
3628686
9316619
9546418
1578005
9647124
9549303
2628200
3298113
5661517
5785334
7223059
7939972
9065661
9254255
9886247
8745609
5957753
2376161
7279333
5085431
1827587
8292844
9119764
4791185
763594
4475852
1976017
6025899
5859334
997575
1402700
5212257
7946905
7741156
102990
9367196
8343525
6237078
4491110
346797
1126962
515222
9970561
4837038
6230619
5305953
1695451
9109782
8041077
4094871
2590270
6938776
8988075
8919292
5734093
9598336
2233891
1545491
3426041
8057451
3486173
6770085
3730805
3803676
9785730
1357775
2736094
6888281
374796
4806266
2147615
703969
2232860
5560016
5231278
9022443
467425
4417356
207425
3513242
6590042
8457043
9634986
3008273
2662759
2525975
84950
8897838
9694616
6632586
6728876
3092984
4919914
2759961
3420231
3696554
523796
3670963
5589865
7039548
8938642
3073811
9507597
2800472
3544863
4921888
3199326
3396954
62311
1222427
6379042
5957247
6032978
8248373
9141977
2449679
4471723
8907239
7198619
8066326
6160434
2759594
3011109
7474848
3959413
9422415
8612772
6836589
5361373
3180114
2919447
5322685
6512875
4632357
5253511
3465962
9417625
7271846
8697277
6998092
5227171
6110271
4893966
2519642
1757134
1475604
794097
3295999
5722925
8280527
8826949
7350172
8421605
1918029
6323733
9858677
8961185
27869
8816964
8396064
1775882
1160302
1070121
308537
7846985
5028148
4825890
1973908
1819311
1308413
9859488
1254546
2302825
9677758
5610350
7577034
7947762
7526513
3448711
8233458
9636803
8381914
8083547
7496587
2339988
1751355
4012875
8696839
9053335
5074189
4193525
1236768
5158007
4993586
5302045
2067082
3138924
6845241
5487850
6627240
9717229
9634340
4255570
9585180
7068023
7248017
2102591
2016137
3176955
8421330
7987046
3663905
5977951
1672802
1158092
3602450
4798807
7656986
4211732
53483
1922288
7514386
2565511
4926340
2459435
882654
1196129
6194874
7560512
9391205
5491722
8698634
339855
5415721
3099543
5856474
8780310
3497893
465033
3645240
2925618
923133
8542802
2156635
1899798
5714948
6320128
7069864
8584055
6429099
7984902
1017057
3035274
8310162
9853452
3651550
8065492
668064
162742
978970
5875319
7817961
8596855
3018006
1597568
1352060
8879492
3358856
1036438
2732926
4961391
9038495
2050426
6538898
3832232
1610120
3936075
8638180
5883738
9062597
3246062
518460
698539
6822566
7510609
7019566
4768792
2730037
7319600
876468
3860358
2621637
6300669
5556516
7976112
3187038
4428317
9537597
2311723
1354439
7259969
3064236
3806208
6211805
4314294
8185709
5362689
3650215
4181159
2039466
6418709
5327912
9711019
5303692
3384190
5136957
664573
1823332
4183926
2883169
8243486
6701812
7868409
4548130
7836778
5281522
3555965
7144053
1252683
5883651
7088164
5152046
7635756
6859577
3595839
6649078
8614244
2039195
9216784
4934206
6540566
3787426
385118
6522429
1969214
7453791
3382549
8887025
5856357
1855644
1881329
725941
6566199
5708435
4021084
2914866
820991
5776351
5616257
6798328
9091787
800928
4853016
2974993
689023
7607215
9384367
9587351
3062343
6266574
2877051
2937674
7275372
8100537
2549639
6854901
5107609
1513306
4010662
7237079
3090456
4274905
141643
9837493
9818221
5864338
280666
2067121
7402428
3989447
6200156
8729772
1266880
878924
6948926
3569869
7825826
7691262
867425
1216898
8266389
6812496
7589008
2365936
5970196
4147300
1550852
2511841
825453
5501637
9295692
656456
4075106
3944096
9189873
5898788
172665
1925047
6620817
4759096
5659127
6801665
136389
8165435
1483996
9168805
9247052
8323969
5662795
7376678
4681946
8726472
3913702
2987575
5569100
9074463
5051271
5558326
8059861
9908052
4460688
1215655
6665548
5647299
7966926
2676014
4325618
8056036
3415930
6721014
9132877
5195246
5904021
22110
1179722
6782866
7421411
4986966
2632720
325537
1417502
409330
6643237
4063869
1057765
8477526
4125158
7044719
3026584
2740483
8226846
7848690
1029067
8038934
2329790
1678063
4176743
7033349
3022610
6938698
2423287
3976239
8427702
7106506
8903194
5466578
6889070
4667125
4421378
8875771
4590191
9652183
9854517
2296320
7209056
7565834
3719600
4562748
9960756
5221159
6576143
310557
9141824
7891119
612515
5190890
8450039
1346378
9356312
9189812
467041
9887775
5534334
5469256
2644151
6858362
8763446
3629188
8492515
5633695
5011707
6386437
1014236
4036525
4907248
8326225
5315684
3231359
9350219
1419460
577183
2714058
9417215
1443777
7508540
8433265
7238008
8224311
729243
8128205
7846838
2291216
135460
3396490
4701924
4125276
7625367
4287129
8115282
1381639
7839125
5095446
519359
7433213
3188230
2910888
560587
4743110
4040084
4126319
8363596
8483937
8646644
1322458
8832030
4884784
3527688
3321570
6934365
1791019
5957080
2925510
7116831
9768380
8227588
999249
5006260
4926283
8059741
9245119
6626734
8729488
9431867
4206377
3847985
9981071
7111906
9283357
9977682
3036617
187086
4722931
6071464
1445749
4512413
5103740
7212834
3721860
8750432
3317970
1893804
8893615
8780081
7770525
6253107
3321085
5488081
808050
922548
791768
1192075
1421101
9600871
8119059
5503140
5811458
2531840
9094495
8579205
5401342
2657930
9615032
627782
9583652
8159556
9123491
8609096
5039181
1408656
8253760
5085018
7973765
7750138
7961956
6260019
7975465
1726451
8089120
2294709
3203332
654212
2647300
3334228
5252020
5493016
1559765
7687392
3921481
7435917
121927
1924369
6441929
3840409
3198056
2239373
6399473
8104937
7320655
9780540
7302441
8402495
9762769
8173539
9332835
1239886
6640183
6814844
8162958
4641445
7300562
7298444
4181040
8852826
3710914
8795744
4625273
841321
9678969
865135
7653111
1512361
7805472
9983095
8562922
9916229
410851
2758106
5155774
4139495
7596854
2842304
8469541
8551151
2470331
2609632
2660471
3559805
2542224
2922888
6925430
9866675
8927664
993590
6437547
759492
9674312
9586023
5266986
3691369
988173
6488174
3265135
307570
6518253
9249669
4159545
104560
3495162
5066548
4430462
4142486
7663021
1784801
1277128
3344579
2167318
1507706
4170175
8534058
172728
4610566
1256735
5076657
5523430
8225952
1682314
8348830
4507324
8972000
9291291
9984446
9899445
7687345
7921148
3992938
9300869
7846041
1397778
5972641
120873
5826292
5051252
2928909
961036
1893364
6985873
6997568
5118083
2049262
5894998
1532957
9814241
7492481
3330776
7628849
9164673
358250
4499711
4126213
9078350
413738
3710162
7794471
8526672
1588782
5295733
1613169
4145787
7010565
889649
2325991
8983342
2971658
2091928
75664
2740213
2989295
6544669
378908
39656
4271324
4038509
4562312
3512010
2771543
8011179
6625030
9119368
4760901
8555316
109035
1641368
5321577
3367669
1386021
9976143
5467008
5428433
2216505
5623287
6648470
5166728
3251619
1164675
8475701
5577294
8352612
5093372
5213727
8245098
3242217
1285669
6043393
4258120
440167
4522243
3181206
2886544
7725194
8794711
3089717
396762
3319773
4081463
4539016
9062712
5784188
2936277
724005
4245368
8730997
1391502
7154889
4585244
6169608
1254354
8589713
6072877
3210170
3379442
769899
6149921
568326
5912908
6520602
684009
8910627
5064627
8405978
2607021
8695691
9374607
7367472
3144920
127819
8990937
2564438
7192592
7131760
4059030
2295448
9636134
5938578
3951159
5393702
6404642
8658630
6430537
6459241
4078629
6147812
47089
2078321
3435290
7226781
1044764
3382103
5160282
2110424
4060629
5421418
257179
3888626
2717859
4896393
342556
9291416
3439569
4763231
6725611
1708882
3497016
454012
1250192
1251514
1164648
2180831
3967563
2427253
8869021
8584332
7564187
4679043
9902591
726381
2935230
270881
5845692
639434
1560298
1795089
2017217
3198071
4445944
3437588
5024038
8175907
6100110
5698800
4829056
3854310
2015960
1093558
8945366
2101692
7376089
1083033
7875296
3579755
6419980
7300866
9688140
1968025
7986136
7883431
6860303
8973160
7715714
9129162
8234242
7334836
138815
217394
2154086
9331617
4543664
1984565
9051565
9272427
4949833
74268
2381062
5664452
6014348
7743299
1387830
8706305
8042217
4837168
4718651
35270
8999836
9995739
2343552
9772399
9018406
2152895
3242109
1851810
7570608
7572666
3160512
4174317
3590420
448630
2725443
7533517
6501582
9800448
1238974
8181656
191833
5085507
664019
5378560
1219733
7957312
7558845
1680992
8511155
714712
1622208
1855415
6310173
2932237
3215050
4875345
7566141
6714280
9378586
5612434
641938
9630535
2607228
1346985
5943404
5963144
1412823
3951251
6756837
2833083
4708477
4544581
6870616
8790237
7770368
1217405
7450745
5795328
9849897
3672288
3163214
8058905
9233743
4357735
9104918
2442081
2291190
6523291
4074863
766611
9182836
9089139
1950275
1597689
718393
4807955
5187990
476538
2692926
1698638
546310
6072246
5269317
1079273
1680910
5733746
5162025
7443324
8458808
4984125
3296131
8122413
2832238
3474026
4478047
4863690
3396602
8233373
4465799
6100190
5414773
6602092
9727078
8251352
351078
9835600
8476624
8474503
1836147
5005673
9089325
144216
4821139
2823085
2087744
4731734
2060291
8596753
7909598
4407330
8892429
5060327
3680621
5517682
9313790
1630281
8801522
4312266
1431443
5567362
6617136
8089463
9745325
7651335
4690061
6719577
185643
5073393
2074548
2857530
2197620
6520059
5951418
4846625
2918586
1577250
6779084
7879946
7252704
6305938
9089159
6972009
4500696
4160948
6702627
6310373
6418550
2696100
7472412
8180068
4789586
1753669
8014287
9014406
1348026
4422236
7540940
8470569
8287769
8508285
255152
2410056
8226808
5306715
5683759
3927254
7712663
4369344
1932366
7640043
1568307
8232577
5632799
958834
1543270
1423927
7179125
6705033
9921294
2620643
6020783
8686584
5244944
2382716
6529951
214347
5531033
5123949
9501267
5318452
630433
6888431
1141717
9706472
9827446
9259941
369927
9848686
4619937
8877624
8159465
5435128
269565
4033131
9938276
9080456
9291927
4802280
9914625
5117656
5988562
7487249
3183716
7159191
8837170
8294860
4738597
4072652
3152184
2897532
4754414
1050213
5405131
823863
8430479
3647524
8280475
9561812
1333487
3686087
750854
5888550
6204678
2474027
27116
7205724
8721889
3628274
9708770
840850
6353635
399242
5966000
6420252
6157504
211838
6385071
7933194
2777320
5727364
4330989
404110
8460308
7359336
2830044
6286387
6461832
3799558
1702261
1516970
7638490
642992
9056555
287311
1108163
6600401
5348927
9538949
706126
999133
927849
2681639
7966500
490060
2770418
3160176
5617654
8389393
4401653
1997290
749931
4890416
256932
3208640
5176793
4658216
5172924
466582
8994018
967782
7117075
319147
1129164
8837383
3490354
9833860
4764609
1650712
4053908
4620049
1806464
8682653
7779329
6058280
827159
2402176
3213617
7332019
7528727
6008715
7248684
5518134
9579158
3104709
3953675
7504798
2125382
4711882
3466235
7885828
5111537
9724484
5291905
9227461
7673134
2827699
2125865
6108063
7321086
5037283
3354112
5317481
5168239
9608052
4830553
1431686
7668766
8697517
4051727
1155355
8735282
9964283
436221
9030076
8202391
9416471
1100832
4120371
1684461
3408590
8662923
2210665
576759
8693313
7108786
1838977
5876004
4802581
5030105
5300025
2178539
1401955
5375682
1589359
9129962
1592506
3160623
9667755
2557265
9415336
7641704
8477793
3584911
7709401
6078796
2574319
3115132
2363571
7807375
1297973
766656
87852
4606469
1193232
6567216
3473520
1136514
8820605
5204634
225897
4940152
7635547
2669265
7893598
9334630
3142019
7370746
2837193
962324
337086
7965719
4518689
5385069
5352541
3723507
528103
4196420
1991221
4708171
8882513
5957546
4449302
3051934
4836942
6524328
6098274
3786691
5433383
8180124
9678648
5941896
7876854
1010188
6391055
4751890
9774451
26360
1453837
7934635
2735211
4521941
2625901
6436131
895424
7791682
5346240
6718301
8331962
9846627
3026734
1999313
8101897
1282709
2093122
1294169
858179
6454358
9018681
6676871
5756050
8393725
64750
3666324
532475
9521405
2246953
7214872
1331523
4765355
6489725
8102416
5896178
2593951
9386709
5300839
3769381
150630
646024
9754383
893160
2201795
6051569
1653186
3677296
6136547
1119392
2167855
5995276
8259577
8099505
7125257
4318056
3263264
4250156
3296326
9108422
3351821
4065413
4457349
1129113
2732010
8584938
7360863
820484
9053136
2810621
5956089
8241852
7001515
7738803
4207780
1557895
8302877
9453688
8718967
4559403
3172205
1953461
7169975
5208938
4626814
760046
5751217
9126505
5335464
7864522
3849630
1756523
8255754
1134421
5333958
4273342
6049110
5060504
5542809
3601185
8398184
2631620
385894
3577375
2822913
7404883
4434700
4276603
929954
9221998
4513980
9047200
7142756
2881117
937438
5810877
5037620
827537
7050929
6995479
4193329
2115495
4238261
1002977
2927285
2397551
965849
4032931
8060010
7211518
7032403
8166323
8775913
838124
5301831
6232437
3488708
911350
7959442
1909343
4984456
1243744
3806470
2460820
5284952
3808639
737394
6686461
1824795
9676255
6971319
5010757
3908065
3984461
9712304
1227414
7554079
1841815
8302055
3161485
6397839
3120043
8509331
8423872
7793641
9876128
6509604
980742
8039973
7195352
6128533
7846562
4955961
6457625
4312358
801583
1122351
247253
6750634
8988133
9529683
9584552
8967725
4554931
9578978
3341523
6041832
7237632
4278088
9134256
4233467
2463645
4256781
4673503
2146326
9173026
8548520
8902486
1838926
8531848
2853577
612716
8808398
3148769
1320308
8600141
8935635
3643096
2161571
5601245
2140755
2230233
7763612
3016144
268393
5577319
3177531
9744031
9919534
9782578
3274725
6876508
8462549
7754118
4925876
7115242
2240118
5187417
2382478
2108414
2143643
6561544
4505893
5298558
387178
7361078
4103489
4934499
3369013
8237785
399797
4935398
1981931
3260329
6846404
5132482
1301865
2830825
5685867
4230936
5266120
2188338
3539986
8518651
5102385
453001
5577436
7181216
3161382
1898424
3491019
2958464
9038531
1288228
261870
889212
2425412
8931725
7862286
9008060
7392129
9686361
9376407
8790148
264732
9800154
271174
7105874
1951412
2173857
1860335
1870569
1951128
425047
570338
1986682
2557133
757178
9562482
3978026
3401853
5664848
5648964
2192751
8924218
8249645
8590498
541839
8653265
9634864
241968
174012
6377156
2968965
1835860
6146194
3543204
6114896
9763444
2366867
8724050
4046987
6445904
7255082
2514340
247673
6368866
8685156
8891591
9709050
4998902
1874988
4257515
3450139
42040
6286776
6157575
8406390
9166713
638168
62290
7799521
9825997
8762723
957556
5691829
6293418
8121206
5899146
8288272
7125151
7144680
8983519
1737195
2555512
9160697
1894832
925058
5838677
7069649
3885111
2774126
1450113
4965358
5813964
1943023
4570555
3632977
9145872
3370122
6544395
5259373
8507576
6335435
6640705
6552984
7648545
6031227
5250801
1139698
1783656
3199949
8745148
7923301
939800
4848521
8609380
928199
6761878
8612753
2696590
7168384
4449018
3138951
6867848
7910004
8262660
4864685
9951235
6738592
189343
6839805
7874384
3124764
1911870
4709294
7901456
6441109
1731116
7888243
6580016
7528519
3231903
6193010
2627476
7518229
6267985
2893611
3876267
2881308
2610775
9290203
2485339
9861749
5413634
3468339
3550691
9059214
6920048
5512782
481214
6051040
5127368
6176703
7586119
70408
656027
1376528
9359032
9866821
2180823
7887965
8406743
2052539
5792054
2238692
7942649
9449033
3077617
3908263
6525540
8590712
7683092
9068925
2852584
6911754
839989
4084251
1061635
5934738
697510
9192488
4512241
9171371
9203024
7544260
2032807
5131797
3070164
2586377
9703253
403894
7795703
1269992
3850478
980591
6142464
5145819
3745062
2198342
4945022
4185301
9135205
9884623
5120967
8539655
624290
16431
7349342
4510173
4246232
698072
3470964
7184964
5404935
1714028
5072373
7842494
4154936
7527565
8853077
8586908
756675
7050464
8449672
6403116
406775
6684961
7778984
5647437
6260121
7294006
3874887
6014910
9009380
3167748
6405077
7755323
5877942
7625965
3200799
6425298
4228496
1826570
6456437
7064336
6445142
9572018
9322912
878364
5949622
8981283
7959881
5214529
5791054
4227104
5073427
3158052
7762782
953415
4154959
5633508
2721101
2252387
7832974
6712458
3007653
432401
8154310
2316705
4030565
3122369
3018726
2953160
5794869
6945635
7588639
3940951
9762195
4459620
548516
6528217
5847149
3459360
2173241
1163507
7997493
2958027
5245338
1551808
6009405
3565865
6910989
6752416
4596955
3291602
7342261
2884315
856043
7480267
8321428
8720945
8907827
8602384
910934
5665112
388943
2541080
8225003
7670181
6229594
4846892
1127605
7734628
4890760
9416940
6275472
5537755
9712251
334373
9157249
8045605
4786478
7151064
8937750
1335211
1847684
1791618
8762431
4277421
943068
5319727
166884
9046579
3725342
2632570
6442800
1767629
3862556
9824996
9439298
7881966
9078303
7843949
160540
1024753
501390
6717494
3945215
1309188
4501673
6236738
5792231
422536
1950002
1555188
1729414
9763572
5500677
6576195
7744191
7651538
896449
8058417
9688964
5593226
1433282
2439870
9792600
5321676
2810228
7278917
5754104
3373883
8705579
9763697
4074544
7975324
4488446
5678282
5573244
9883052
4320375
1858698
4605498
6279529
5105473
1271082
4827516
7626331
377411
4301104
4946309
4386029
3011891
563727
1580421
8250583
2421640
6053693
9492679
7124383
8709852
9825123
7694028
3987624
5381252
6135791
2801417
1866348
8310588
4395875
4715422
2382039
5487095
5992131
1925464
5714017
7117004
7770241
8698721
4368816
294747
8801129
3403375
2168023
9297703
7440440
7488411
2965502
8038454
9532028
849585
8445048
6592168
1001103
4236742
2523325
3113825
1872883
255663
926566
7146083
3640574
8274226
7412731
6276883
6295909
7124324
15087
6916148
5781355
8010069
8775297
7359297
8102652
745148
4801793
48937
8404139
1561818
1499994
7820724
3212034
9153401
6037028
2453263
9570764
5821370
9293395
5139694
8424274
7945196
8010787
9127369
2978269
5636106
3479273
2764528
2213799
3530998
5368803
159616
9670735
2909424
9687145
344692
911125
5696593
929002
787466
8145168
3852079
4633655
9885318
7530404
6462065
9063526
9237531
5282003
863604
3477149
4728625
2218660
6205970
1048872
9303387
3133826
4533502
6694009
4684352
5175480
8657107
3480829
5166462
5678805
1411094
3468514
4160246
5542384
8896043
9422731
4421435
6596279
6919253
8716758
1294905
9495375
9248138
9408644
2431780
3032966
7421523
9800672
7361252
98375
1722241
9671268
2772468
9077423
6956053
1783936
1158875
9339726
1894441
6949650
2207551
1828642
8947407
8048802
5693268
280390
8722502
2293612
8106248
7061283
7757428
3033127
8685312
6894144
5054485
1284870
8032879
797741
7873839
5240744
4598560
3613308
1036895
4243758
8819439
3587559
7831571
4853917
146829
1683864
1429313
5752356
9507183
1174768
577124
7912098
9457887
6320866
3492650
1387989
2787965
9820526
8513958
9547403
1024037
1863762
9087795
8081231
5918446
7505766
9972310
2903949
2744233
1411046
857011
9172090
3951769
1437673
7370375
6892593
9417653
5557896
5238332
1402093
1325918
1006727
6208292
5268419
8246413
7325403
8528828
6052479
5181373
8314912
1237320
844157
8797228
8988363
8365750
2962754
8527727
6260390
3237839
2497594
2236113
2219223
3084976
7279938
7654222
1174757
6676925
463224
530730
4346395
3511343
3101229
2857601
877035
5999031
7632282
7844153
4701798
4982030
7234470
8491916
1389370
2833980
7829885
7474105
6103000
2538894
730722
9321507
2679804
4050688
5679923
9025628
3612833
752964
5126901
2753401
2991992
1131260
7543377
4014918
8337940
800707
662307
599483
8855925
8577157
6613467
8429926
6979245
1097217
918262
5126208
1980387
5391336
5160823
2958731
2865286
2327038
436241
2664312
7990828
5981051
311683
4831528
297406
4962249
5588216
7131455
9403110
2296715
4765948
5153144
1622323
8793231
537643
4090941
648444
8595077
2243156
5775036
5600944
8770212
4276810
8028878
1031729
5319603
74980
430927
9055361
360054
9093794
7880389
5774035
7264416
2278433
6383767
4490476
6246829
566897
9474823
8537159
2333311
1044082
6918572
8763406
5617432
3411128
7363583
5793780
3795525
1089890
3773141
9040627
1687708
3002495
5066830
2727059
1001784
7501078
5838515
8977298
547698
4899707
4941721
9453454
9556777
8996454
2219832
7809524
2906455
6672954
878284
1962536
1165700
3166672
3345454
1022715
7634196
9861666
7097057
5671866
1887064
9529133
1544219
8636537
9769197
2067627
8158573
5962175
2062683
1598676
5096492
1044321
4239735
8261637
7926825
1783300
654380
953423
4482885
3618509
7203222
4460145
9615899
3795613
5220913
5985545
6840475
9678511
1451726
9412853
8565378
5181636
2746693
7362229
7475290
2809780
3261271
5730630
523900
8736994
6269993
3654938
3632271
8040404
3949752
5303921
5913675
8298159
3242680
1153523
5556345
4727412
8290213
7058171
8376803
5959604
2943034
1862278
7475203
8056554
1860953
4883622
4299359
1834273
3579203
325902
7785475
5443769
4423399
9513722
4648041
2271588
9709859
8660585
7955874
6844043
5374309
7823989
9370188
9103029
4583746
2778329
6729642
4383229
2569049
6739562
5422663
7572270
5106394
6112124
2817658
1970004
3370002
1761121
2581937
2319990
4357555
1111836
9813974
5161708
2850044
4741195
2362128
6987061
7630492
6244807
4735290
8004768
1916438
9301686
5362890
183194
903794
751147
6472038
8406335
8525275
9091428
2902396
6126051
4937306
8020130
6055376
9246769
286887
1639217
9454516
7131889
5458212
3340065
8833943
3303662
4521949
796015
5016528
3445339
2324723
7136940
7561248
3820629
8499114
2145051
3765557
9232883
4194177
9600550
3560561
2332244
6511641
1856537
2254102
7766000
2507934
8301185
6721045
6561470
5041277
4442994
2988434
3628183
8310369
8295801
4543602
4782500
9305677
1431197
7503704
5467548
8084018
4699025
39195
5004436
1954376
5571397
1655581
1316592
1788991
1072233
2656394
3691552
9679994
6484695
393223
4856097
2219726
5269219
5522309
8360003
1354751
2063532
5408085
7192224
6384902
8211586
9825412
459425
8479667
8992026
9035117
5285178
3917633
5888688
3105481
9587381
1602424
3500980
6769254
4276717
983388
8448282
3967674
3024149
8732645
357899
4130145
9748585
2829523
2088133
4154368
1210045
6645726
2259492
6334441
9015803
8534461
9127198
1261047
8200404
1178723
2622278
7400008
954244
1062972
6236678
9530408
6933364
6172300
3262224
791940
5224000
7190739
249068
5619634
2771569
9116140
9587857
1398086
1004047
9814743
1501772
158770
1934581
6511954
6307851
9592296
8080464
2350361
2487250
9063202
2575764
3283461
7186285
5864770
7223819
9501511
5056278
9734063
819372
3034672
9651756
6484812
8144522
4410830
9954054
9716625
4819894
6386655
9327599
5546230
735273
7848849
6665796
9975827
2573216
3395860
9418306
1019687
1065176
3574677
6780114
5855672
1747500
6760238
7123797
1583488
1146840
3418082
1004122
66726
1649430
7951747
8494855
1847339
1215631
7976035
2807975
6232004
1522036
3019662
9540254
6432163
2876085
5742214
4429407
3407716
3528319
866942
6913347
8721764
1510273
8092881
2458002
3768033
3854520
4763269
1844829
7791669
9041338
4072874
1184527
5504485
1483803
7061060
1338620
9861080
7933093
5332562
2412505
9329130
8110250
1303672
6219417
3184580
1564075
3824579
9679764
3163445
7411259
4743800
7002345
251515
5159171
5153440
9910527
1705570
6799849
8539982
798759
8077056
2962608
3052835
6602872
4469960
1300079
4676991
4494909
9078671
8870455
486625
4161125
2581962
8683428
4126409
1712143
9898521
2308074
5249504
8411910
7154999
1563297
5885284
4552528
724196
6672504
6486992
2984123
5566289
7948667
1661956
5748670
461600
167694
7356624
1240898
2350236
5062582
9055995
5577195
7650432
766898
9879254
5127920
6946087
5252535
4530521
6006785
366308
7537139
9373866
9627312
4952185
5045313
2213418
4487218
3169301
8711182
7742013
8756626
4016853
632305
3830809
9978065
9026823
957979
4149662
1615745
6942148
4913878
2928968
7971203
3493195
2186628
2049322
3009432
8964857
3059320
4459966
3147568
7553948
8534880
355330
8823170
8490915
4800419
6975956
678691
3840856
847207
7571855
4116699
2312488
6699299
3238335
6868217
3470552
9216609
1038242
6191411
7890240
6916098
1437257
7568783
5576163
4567645
4536988
2020441
2452160
3726428
322003
7278517
4727406
7401291
7098661
7356400
3486079
6970566
1117659
8385562
3822245
9640052
8228516
5951333
243369
7042175
2607406
2814384
8313656
6130070
5609035
6832202
9690612
9502940
9743133
4857085
9324769
8984968
6259534
3381307
9346686
8759104
4064673
6414551
7372765
2788406
4627696
6723585
1048559
3494661
4366448
3212782
7610340
6636856
8677844
6360807
5058927
7558585
6340573
1056316
8870717
5094917
3840719
8615208
630194
8033027
3406874
8534444
2928883
1554564
9979292
8957607
3655341
8880805
8814729
7263666
5415996
7807936
8710292
6099590
9585214
2047161
7457967
9159246
7693318
2902351
8573888
6662253
9925865
10230
9263574
8308166
4406219
9508210
2538037
3488992
3578384
5579297
1494322
1671102
4061344
7580061
1240866
9348267
7001481
7189668
5503156
4499864
5730102
7615606
4064940
6677615
6465731
2652086
7849806
2927168
1220072
3688239
3142674
8048336
9370892
6591892
3897014
3419309
4084197
3972222
1981941
2285988
5898757
985752
3142912
7078521
2533905
6410578
2715656
4499706
3674080
7587527
1139355
7892367
937465
2707530
6969875
829201
904335
32664
677442
1057658
5615790
6318098
134127
2302864
8218807
6194702
4766728
9356123
3021152
8060237
2455808
4708273
1328570
4808703
4464426
3535264
8204521
8206137
808963
5141646
4749096
3309352
414015
8403443
297930
3511947
3491665
6935072
9451551
6715405
900920
5755905
3552765
1355107
5933922
7732864
8274795
7983705
6013103
1277931
6653335
6404166
8647678
4269603
6179333
6985391
2996751
7640397
4440438
8213294
9214415
5031298
8458760
9871604
9916944
8277282
4273000
5953048
1186148
5142900
3416718
6809665
8390803
5315792
2522660
7679391
1912640
7052607
5880524
4627836
8079573
841692
8184018
5105300
4164457
9912027
7182231
7171213
5547532
7521322
3497536
6978517
6798603
4230758
6771194
969458
2592604
4163239
4045442
399045
7738003
4801683
4720553
7022845
4996191
8019882
7826583
8046938
3155900
1107910
281447
1690863
9239097
1549661
4959546
9751909
2318263
346882
780099
947810
4399306
5995000
5657043
6772
5981538
6027138
2501387
2782378
5396862
8345044
5944623
2428364
9778278
4418234
4144302
3567086
6005574
8592251
6170220
570944
5455195
2639664
655048
5074083
5190389
9250803
2818054
2656772
5255872
1056877
5298280
5944869
4990319
6480060
9521829
9221813
123088
9861792
2588914
4595040
3963256
9927221
9824013
7008732
1581444
3016544
6831323
7798320
793980
8005656
5117225
7563409
1037087
3085626
7176815
4386624
4538058
6836075
6578317
3129074
6098553
7223991
160462
7887320
3866631
8622223
5320358
5238883
3770324
3728627
7823880
2134542
9517211
5948545
8149954
1166918
5377681
9514108
1277208
3709430
5627580
3191198
1601022
7955246
9441065
7354818
6271677
1103475
8471809
6311937
4990182
8171170
7054454
1030672
4818432
4850125
7673519
8965605
7361911
2250123
9285049
7910332
3778984
1106323
6324837
115928
4707659
3273567
1852677
9223874
826406
9386397
655906
1314698
3912433
2056914
7164914
4512718
9974561
3171843
4919478
3776412
5886613
2426575
3821124
5621185
9156422
1034207
594450
1522771
9711541
5888839
5424721
930410
1627254
5153085
8049984
6705608
3817567
6884089
8595396
9308182
9953782
6768710
2623431
9708848
5441564
7370600
9116866
6651030
8826665
4654166
2223807
6265106
9295663
7248117
5812680
1055961
9527227
2664212
6028762
7622906
2504128
7862082
136062
8604675
986316
2633591
2258680
5629771
7866106
2625787
7634640
9510198
136488
22680
6382956
5851189
294532
9503884
3672039
8617048
2282098
4791106
1631004
5500925
6514450
5173964
6804091
5471771
3012346
4931408
2873713
6689168
1883975
5944231
5354946
8530171
8547461
3925935
2879655
2489495
5451249
7571097
3262941
2539522
4215333
7928445
8910177
7412728
4462331
6950523
9211158
9001033
9876050
7803110
194202
140595
919737
6473515
622200
2040229
162807
6777965
3696416
5476001
5701476
1238777
3839385
3774257
6396052
4703930
1353728
7075697
5241889
2720818
6935151
1033743
7969768
9610125
289123
9571458
6457336
2824410
5093329
8268293
9986796
7057883
3725567
2221198
4348190
1195838
672573
6165869
311810
4046016
3314480
8472511
1293199
3473656
8237104
7123451
9784947
2704178
2915758
4351183
7295035
7466641
5298110
7146762
8510531
4519836
8715481
138197
7457310
6261681
4797743
9543351
8947217
7633786
5943873
6651554
8030473
3446089
6291608
2402611
8910401
8150564
8313151
4779560
309073
8732648
2829822
1815475
9132603
2575925
6670272
82625
4575852
8773204
8629304
1702478
8282721
5929958
4472796
7508639
1951699
8835533
7814719
5857420
5536090
136205
9793846
2998147
2564539
6183341
4126446
3714289
1402585
9475176
9387812
8653338
7756961
6188060
7908147
9070343
5815556
987944
6768653
2403062
9919143
6786230
1888847
4153595
8321796
773902
9683661
3584526
6281546
1401830
4813751
9104600
1385167
2010380
8703206
2823928
2728359
724635
9978583
2201198
9263711
6706591
8814208
7952102
6738017
3675708
7622789
3917939
5099546
9155153
4754424
8008103
2046446
8807164
1661451
2912682
7237263
2192437
196892
6034565
1629590
5681671
8348355
469397
1843654
7077150
1040399
8670619
3678425
6415162
1084085
3445654
3212307
4361793
724777
1627191
5598282
379859
7671844
7176183
3101638
562194
6463204
8991783
3885486
6288071
9016376
5985200
6028170
4911884
2574934
5609042
986054
8666633
710714
6088158
9054258
3964001
3594326
697762
3482529
8898463
2150851
6003358
8219685
2173149
8882815
7591102
8016836
5263129
9060243
3116960
1627026
1509384
8360107
2065164
2173621
4034491
2214432
785094
4385075
8691512
677180
4541725
7863159
1111686
8557094
3792092
7886795
8976922
9374963
5078560
28516
1540501
4179347
8461093
1171540
3347707
5880617
8422237
8090808
9234406
2661901
5130221
7678061
1162775
8942544
1284901
5212151
5842687
2351122
7442773
2729052
1402839
5558196
9188954
3203872
8143874
5262655
2029474
4467209
6534813
3935468
5230599
2748423
302314
7516762
9114492
1551446
422662
3870435
5537881
3054945
2926925
4250909
9397709
2074850
4140009
2002071
1215076
727679
2344292
3530278
4521200
3891689
1976896
4677638
4082193
8701054
6831572
357454
1836692
9712144
5327333
2734350
2922423
930504
5337661
4698830
5512406
9824012
4397797
6713811
2028070
891669
6011443
8731313
768457
7476042
16109
9347919
8288725
9493097
9714006
3205739
6308857
2735465
4210614
9699426
8113593
7620746
3324451
5455096
8310407
7747497
8611424
1860193
1546700
3974289
6474298
535505
5173325
5728073
7378381
9661207
4573426
8525830
6219635
1180159
5802558
7263020
2546517
34495
9808192
3080557
9464657
4274314
8120153
7195008
4765125
1139695
1916862
305153
9139525
8401337
9885555
4754481
3689313
5544120
1484171
833350
2263120
5332095
8595942
6582374
612486
5650443
9507560
4010635
8244692
8044117
6721016
2586833
5125758
6459524
7850816
4828704
4896153
6620712
5328130
7550533
868172
8004899
9860610
1947853
175085
2953986
5112502
4668458
1487647
5176719
2514406
2399591
2498013
5799060
5831756
7864432
1569692
529263
6784191
3488828
8512299
1834741
4659852
2443016
3513850
4073443
8733065
7132836
6481473
9799999
522784
822753
4731591
538625
5906595
6414186
811902
8851584
230697
6997406
7395847
1257865
8145883
4020337
3590181
6617102
1157296
3543909
6710369
561412
6129761
3759127
6862745
5956514
8777488
4695985
4641379
4340667
8747176
8839040
9658620
3157236
4234114
8544656
2861295
2683397
9321326
1275270
5096029
8139157
5199858
9746886
3808047
5761316
5842384
1798208
1911013
9737211
4336979
7046527
7366871
9126798
9528684
8371748
5669939
9346757
7764688
9749725
2811092
3878578
9970747
7317087
6954038
776913
8575007
2722592
3815227
2455108
8368693
2253139
6318110
1841768
5856358
6660827
4556974
205764
4505286
4055012
4117370
1582212
4367188
6571534
6968648
2972434
1204080
6364340
8636663
9378012
7423203
2679093
8138762
713499
5801623
1229891
6367576
6207952
5288197
8698436
8721387
9750773
8815415
7750323
8535777
9195665
7572382
4004437
1125089
2465316
9021927
3082091
6522783
5687710
6812741
3991618
7749570
3456508
4520618
116973
8275364
8690582
8781243
6375043
6319172
4423607
7382888
5666765
284549
3397321
8940666
6851332
1386145
9722709
5527479
2527904
5701832
7866100
5451331
9671215
3393603
2155554
853507
6893519
2056478
7534009
7794215
4070370
7368311
7078799
6681800
7037643
9161707
9031698
9959988
4499718
9373920
5498558
3942756
6915675
3650610
1843608
3717169
3025515
5881921
6278709
2443856
6351755
7189521
8702862
8729524
9958893
5178767
6777464
6951058
8644801
627557
246944
8171866
7665933
9329244
8095684
7985718
6587723
1280540
2826025
8322046
2156580
8535890
1220737
4570743
7105604
9323923
6495157
7466469
1554972
7352682
4145192
7174818
5326351
9843693
8438960
9215150
327196
8248760
1342033
935511
3791817
1391007
8825850
42788
5544394
4769255
6184842
2645549
5545610
6234230
9788802
194982
4491359
7468573
6450891
8766282
1876191
9477244
976301
967200
4609435
6453322
1676521
1481932
2331497
4579077
1187274
4542667
3632897
8074264
5481107
3738380
4455389
3508100
6688666
1726081
6024789
6624406
83346
3128298
6235093
9436497
3662103
3010457
2383956
2578482
7553313
4981516
1334424
871079
8251685
8307403
5265409
4284394
9927742
7500570
702855
5944248
5519326
7938945
5654884
5509675
7465393
5117818
6610667
3512935
1972847
9422945
4829689
776547
4662425
6756902
17522
2490351
9674829
6723745
6947205
5510092
253508
977695
2606531
2184107
4689588
179980
4784567
5342177
6158848
520310
1262605
5493259
5031519
4401371
7846926
5733322
4640973
8132327
7344197
9957416
7017004
8025437
1417413
7584739
6999442
661093
7567802
3608531
975149
4082333
7762020
488251
2324334
5182612
8796703
4560838
1117723
2229565
4754550
6678172
684244
851696
9442144
9947058
213387
5454204
4634338
8608391
6697043
1614754
3235499
6563143
2483230
7476393
7075547
9361973
7881135
1014311
6338060
5969879
3486287
7179926
6143983
1207141
137314
5131748
6273550
5964981
9019497
9225296
9594643
6078425
5632454
53532
9225290
687057
6565986
3567775
3007566
5142313
107270
5121202
3518049
5111124
7886008
9474523
6497406
1555010
8392
1451921
1893502
7924135
5217983
6347086
8931654
3311627
7330234
5645247
7619436
7984433
8274921
491689
2884525
6687859
9266753
5192464
8379949
698504
2291402
8404121
5965610
9746555
2956299
5450834
6612977
7986473
6802079
7690003
6117599
9851024
9951468
1061676
6184307
8097266
2237685
1864171
2595636
4787030
231206
584662
188983
783369
3981344
4500998
6314312
9446857
7576393
8343812
1309666
4701081
6494921
5277070
271853
5125511
6001113
6271092
8772414
6194782
1597742
8791302
378999
7542645
8867335
6338354
4523600
833739
4761807
4115856
1614892
215363
3211973
2293490
4942789
5460428
206105
5092327
9963480
922766
4514330
2179099
8134873
7814603
1333280
6288983
6434122
8506566
9998155
3955251
3234004
6916393
4312795
6236730
2292314
4540156
8743731
9963337
8324524
2865440
9376535
6454742
1045437
4692680
9294588
5965759
8791099
3272104
8239037
1410867
6256418
4625817
7441211
6797766
1371860
7892675
8341226
9085557
2950292
5141574
2329302
4111451
2294928
2588031
7079412
3872116
2555201
5461727
9431479
6780035
1214781
7444585
3021148
6209863
1693381
8008298
2849016
1528748
2364086
1368976
3603951
8094966
8273382
7814380
2566775
6564201
8241482
6481158
4637698
8162534
9620396
5721470
4480370
3855073
7792261
3421217
8336082
4977452
6210732
8885167
6236623
3658287
2941348
9121602
368119
5390709
2403476
2415808
7544937
3024807
8080385
6313302
308149
7530054
6076051
7018360
6822853
5390867
2110420
9020937
6423422
6005830
7995583
5592105
4336130
8976355
3616470
1320424
2238486
7747582
4957488
4825104
8728581
2863026
5215584
8426919
9383292
172860
9133929
1807322
9229395
5564418
5661414
6535230
2274589
7231314
3708566
5800039
4595266
6198652
3539278
3244985
8557176
3645347
7590948
3086353
6139596
445936
5437830
755781
5626140
9585915
413459
6835322
2537119
3308419
4514708
4442242
5327309
5112365
8846823
107558
747225
7343744
7292776
4337023
1243980
1573997
2494742
8578772
6789823
6703869
8418003
3712914
8973721
2278541
320443
4264870
5631233
4971071
1276847
1949739
5767152
9300387
3735634
4023369
7061118
8655888
9709553
578747
8927345
464846
7888532
2687701
8081738
1628789
350262
483701
6165729
9933266
7866690
2400805
3245742
1566575
1496762
8922325
5451362
735937
4055125
3815805
4835320
996105
5234007
6784579
9706826
6768182
839661
359401
2970114
6426509
227520
5943388
9499557
3185172
3305697
4424359
4109075
2042118
830139
4067318
1425388
7440124
4593127
9977942
5005723
1170355
1950432
2552768
9472600
75231
1607310
8453649
2968279
9758151
8770702
651419
1547997
9454487
4818206
6288317
3445335
3034726
2556772
362808
699372
2075017
4112915
9845194
2508378
9034411
6257096
2796571
6984062
1376160
9599540
3439087
7446793
7821806
8320077
4857565
6721707
1435523
8092557
4647683
8931970
8185090
6874107
7102168
6703968
6074916
3949125
5139333
719971
3174450
7992392
3843315
7547385
8018083
1546769
307371
210611
4299930
7242557
9058922
1716933
5579257
8528470
6125215
5700093
7588093
3631477
8063169
2425481
3452491
6017674
9742712
3607575
3125312
6713683
866441
3800729
1885968
3470665
3723605
5491519
6103569
4535411
3887631
6221429
7047354
6674880
58261
3725252
3821618
2959955
7573215
4022530
3733623
2148213
3891948
7411590
688332
3877872
8638209
4163205
732854
9269554
2834193
950794
1016719
2783143
9635599
2895186
1626037
7541784
3303898
7987861
2312795
1715187
8483995
8671694
1046191
6907875
7321606
8098718
4774011
6363494
6298137
8556440
3137040
2132012
7171505
7667805
2474520
9786038
9907981
6342642
8556814
6780266
8330628
3466251
4710217
4276773
3925680
4098869
1913825
8158756
4730793
5581855
7036052
4297160
9136822
6146578
1460864
373503
138272
9825904
3147824
6690611
8051494
2095254
5368329
4602532
3890319
4328956
3229844
4277632
6045754
948667
6412288
6208462
3950294
1630763
2851758
831933
3018145
4233690
6422715
6912172
9162652
1171825
6485792
8837330
1674305
6849415
4061712
8769942
872830
1620413
38350
3780169
9937267
8289080
8163465
4543799
3892865
5229087
1061691
1493666
2381883
716701
3307579
4089910
4925872
461451
9778840
9502906
8448869
3054184
2705651
1419103
6320446
8283836
3859855
662550
3850269
1329913
5007161
1500259
9649351
1805347
5772119
1680402
6634599
827852
2179964
7972218
2527751
1925024
7086739
539093
7782670
8694784
3031776
9330166
4761883
479611
8415921
4881779
7320883
8300359
891718
880566
8775830
2687680
6630674
7530598
5438712
9296719
2205481
6933879
5290387
1280476
577345
1418247
7381193
1174558
4084365
9032188
3848977
1214752
3852951
8443123
1504320
5239929
2130588
2265459
462726
476731
2771253
2893737
4109284
6669922
186081
2839608
2522999
8593821
4397377
1812156
7650412
4040095
1204055
2139779
8250190
4435993
3297113
1168214
2982148
2986525
546237
111347
1180326
2446176
2999122
4540742
9576460
6838045
1634569
9932679
1823731
729671
2897847
5078416
9595311
2553777
7855696
1082744
3649765
816975
4650344
1056214
646595
3676821
5717461
2435843
7591388
8178129
4825432
2637653
4125761
1350563
5236192
4363883
4102143
3766815
8743231
9287708
6593504
8504393
9552115
3174117
5048282
4389838
1961890
3338196
5962984
5380909
6691301
546194
9387088
5165458
5737548
7567587
2540603
6759091
1734612
8854398
8499158
6284759
4716839
6039117
5414101
8279851
8916842
7067360
889882
3534029
8800346
2354695
8310582
2659197
1669096
9876611
9138913
8186218
4179666
4797639
2518232
6442813
7040878
226293
1466461
5539659
2524660
9164019
2648856
6616557
1476552
3811473
5537741
5280650
7204369
7481674
8315783
3790191
659964
322851
6786378
5178762
1773840
9638048
2078274
4939092
7645413
3021607
6737241
3726964
2281964
9424821
6152403
1361128
5965802
2201257
3035355
8896339
535764
551234
4304412
3764238
6244325
4101261
4331226
2246638
2858346
8684203
819828
6203434
1020276
5099898
5201348
1359847
9741976
7935379
387273
3682878
5181076
216372
6575367
8605053
1840731
1230188
3491451
7189771
2582047
8107095
8827513
3503904
6601066
8527854
3238475
251758
2864955
8457565
2935099
6881501
9604846
9620363
4555906
6640642
8627318
5456216
8383001
8847609
2750303
3043135
2287
425557
5173110
6764618
1501177
2073888
6555357
2359164
7976100
4725043
3141754
1914641
9471247
773499
617468
9521460
6208685
7801186
892604
5957025
374292
3409660
9374547
9020377
1285539
8559716
6106718
1180186
3205755
387744
5917652
19396
4696236
9291364
9835735
5328193
1281550
317606
2836250
4387613
78443
1509509
6034792
3408281
3709445
5072536
2701562
206584
6011682
1664916
7565464
9434727
1658721
6020370
674365
7300040
1557643
5914126
8971482
2504567
6293367
5063245
7528455
5123893
8484643
6694920
7590799
1492315
6003351
9889524
4802368
6589756
1367159
5246312
3706182
6308549
3979383
2125333
6100292
9113874
8807793
1966190
7779872
1650170
9418860
9615766
1638202
1156288
6317808
5654311
4071901
3241261
1586495
512717
4709665
6923638
379066
280646
8378972
4858185
1736530
3226311
4520950
8037331
6792041
8806221
2335537
2022348
24665
9885032
7566712
8034940
6075337
4238468
5553506
1520796
3558420
359881
7284204
5481299
8771314
2398398
1563636
6723582
6098149
8168234
6534536
7933392
4406184
5158647
7707085
1093592
7714622
413267
6308575
778542
5390958
2378386
9581594
3369854
411883
5375198
7337915
3959477
6125297
2875318
4431384
9376057
5634808
109196
3037196
5668956
8073850
9299462
2794616
9904891
118864
2920927
5853212
3547530
3946021
8528741
5300611
9197280
2995827
9541319
9188124
8152359
6036679
3126863
9589687
1507791
726604
4546015
7441095
2661364
1576244
681081
8263727
4463377
1480287
2073273
6202721
2488493
9980083
8242551
3587390
4494135
9229313
4964672
5144270
7892070
2402430
7968194
7475198
588935
4436610
9096712
5282666
4073220
4449507
9613316
9312263
4519681
7880333
6360618
5869940
5950424
1278898
4871555
8611804
5931445
724649
2517112
4170223
7759400
154576
3690434
8468423
3498235
7239034
8601792
5860831
4692063
1728280
4764069
4104488
1515182
7893243
6260638
6786715
173428
5712431
6659917
3377913
9964056
1529775
5824018
7137143
7148450
3590357
9211463
4712763
6465304
6481680
4025246
9826743
4382437
3078304
5774906
1632001
9056793
4484125
2333862
3930827
7019752
6217441
2786275
9463893
5836714
8607390
8111246
2123805
8981322
2919940
5552172
4696239
9426759
8437074
9881977
4411039
4844063
3154160
2020718
9012211
2687166
4880975
4747331
246884
8140936
8163843
203346
3852975
6950695
4995708
8869002
6441895
8237765
9462469
7778913
1546105
3780377
2258405
9542929
8614458
260111
1979478
8523381
7932829
2516504
9144903
2485409
6537685
2916415
7901005
3729638
1326126
1374547
9614743
5551395
5281526
868605
3754741
1025954
3421468
579205
2502550
1857461
7349067
7118043
8444163
9876202
4008126
8290915
7578355
2629689
8279355
6109002
1369647
4744814
1149221
6198251
5878618
170662
6432023
1582042
2229285
8643544
7621457
3367724
2590415
6684273
949459
4768954
1730366
237723
8506719
2805459
2337651
2017193
406585
2242220
4650231
3634971
5105424
9020876
9633158
4085967
677716
9895426
4021059
7541911
2235791
231585
132134
8498929
9971103
2402568
6883988
8012
1315975
3242850
6080997
8110304
7759841
5776380
7688904
2425295
1874823
5625736
8330347
7180745
634037
5830803
578189
6595931
2634936
2259992
5509541
1689382
7369447
461883
439626
8909868
3069286
2334043
4160054
7731604
4679516
8526230
49530
2350344
7894201
6343282
4653376
3203500
487206
6059854
4766276
4715668
3753549
4422977
2067097
6933280
75144
9202841
7438117
9254716
4180810
6817802
4290205
8449292
446414
8252830
8905515
3505082
2395033
2709560
671441
4377173
2951860
4614163
982857
515428
7306365
1677605
6168880
3512314
6934452
2201801
525507
4690858
1953099
7287354
8746222
3122765
7822190
3307226
6748882
3630544
3789913
7044123
5571628
8969783
4873092
4635882
6042372
812121
9340112
5130468
3545053
2310698
9595688
8879176
3907122
1466596
7003649
994356
9459182
6307912
761870
5531092
3254922
6529323
1338174
6696491
1980688
7221129
1079767
3518302
3709363
6581138
6975503
8513315
6051314
9610980
842167
1212040
968610
6602490
4892817
2185961
959470
6495445
5052839
3296128
1869769
4355020
4358899
2877502
6606524
5737875
2408041
9460531
8603244
1620122
9543840
5820866
8644134
9789979
1413257
3144564
2269317
7877712
8139924
8359319
1854934
8882660
3219238
693176
7245192
6771664
979808
3761498
109285
3105217
1850109
9783935
171396
1968037
9593346
8951347
9572204
3653316
7220749
7783753
7205127
8866586
646842
6028816
4269118
2033920
2428886
2982248
1049687
5503398
7845744
5867262
8433204
1350210
3348617
5039882
4678403
7333569
98014
2007463
2144621
9409913
1074702
9596128
826383
6189260
6946579
6887143
3049885
1619549
5708294
2583310
3728162
5848896
8108452
5271980
4937320
6958171
9424137
3331402
6184061
6660738
1163863
7984128
2098962
2314284
7956071
2171271
6721493
436837
204170
2230615
6300591
7206650
3217958
1271499
603111
9250634
8340717
8611300
5165346
1065579
1342578
5346399
9497473
9418078
5113140
9034518
8521325
8566270
822223
8364386
700632
1328535
544337
2576354
11579
5606120
8494584
7239985
4246392
1110006
1582930
7165188
1328343
7500461
2291391
5484454
5881325
1990101
5420783
3853865
785302
8822082
2125602
7035876
2897282
5399200
8972758
6369078
6825643
6862724
7045450
6521353
4766107
8894961
4122341
8528043
6492951
5247970
6850280
466098
6675709
2544578
2341011
5278701
1612312
5276758
9835154
4642973
1350863
6024862
560001
454958
6081954
534356
3852097
9240537
8762550
2590510
4446784
1905894
3827336
154924
178676
6887330
2895767
9162541
9272461
2023118
8718645
4614763
890113
3440969
2463759
1460793
2045831
8965876
1369699
6925895
536633
4572139
1473166
2110526
7130510
3353848
240234
8603205
2876838
125415
1137239
5541944
4048758
7966430
9365439
4869261
7776022
3977453
2870503
7322276
3754404
8817836
9135265
8027216
9565077
6829301
3176829
52735
3564300
8728968
9840774
1482997
1243835
6366549
5493979
368040
9535309
1678161
6076444
8490401
2264674
3675811
3133306
5195371
1797175
160637
9366925
7290487
7405425
777669
4100555
2069569
2893807
4048384
9649079
3501862
8307755
9770289
3802769
1844889
4671618
7023752
3367101
326955
6408987
3477353
1926641
967785
100438
2078742
80659
7785049
9605599
8479341
2199435
7522095
4233222
8465841
6696209
9465411
3155936
6865747
5723071
1626274
5750654
8732289
3781719
4228505
9298390
4252619
9036339
3220530
4504122
4062513
9353166
6896094
8040437
3345804
9999379
2803601
7088099
7815244
4457227
9772615
476617
9198853
9375956
4931125
1639189
4363461
2175901
2322842
3231904
1023466
2250098
6118856
6158799
3400654
6782230
3582936
6457689
8584589
3659378
1376284
9203222
9707114
8910930
4986092
2557470
5983043
1352753
7738775
7362547
4786262
4488144
8488960
6311553
2496386
4582801
5073
6976899
3849048
8566323
643557
7540706
2047897
4095180
1779756
1482106
1960569
6446786
6126295
646629
6641091
388055
7330227
8313895
973231
8384844
7382830
3703686
7723847
6232688
319426
7664286
6005628
3593638
1238504
4656783
5161120
7575716
2487225
1926715
182784
1078993
4788438
8708507
1575946
2731868
5593945
8214086
5062615
6423937
3282027
9913239
8195157
7168471
9344298
1744052
3826486
4036865
5509526
3904639
9360233
3987091
881430
8296626
6081396
1463430
3568258
1740807
9640243
9161057
2017439
1979536
6319673
1301927
2953318
8589920
3307109
8820156
6287024
7622189
2175896
3008085
2956088
4337002
4831702
4069682
3268359
6567251
6840723
3831138
4760791
8423654
1331154
1748094
9874760
1696407
5600621
337868
9133712
1134395
1231059
1299059
8108158
643134
2609956
3916796
2383985
6011837
9198991
853341
4840667
54929
8128598
8879753
4564388
7683371
2010950
2869884
4765114
6095778
1159183
7521412
8104077
5295707
342932
8678789
2982605
8615458
2662451
1631319
3237097
5589301
8781715
3117959
4799418
8587217
9116546
139754
4952078
9476548
9652297
1906618
218058
8153411
768457
8967741
1415663
4202215
2442995
3064917
5415306
4746912
7209090
5308304
745705
9073074
1010922
3435361
7066897
1897876
5254751
9673648
431272
7377494
5048470
1455924
2536689
6499796
7488384
6675619
4858711
2210994
8546818
6857786
8859860
879642
3652407
2086048
363811
5515011
3068998
3456177
6725847
2489751
4217273
4079224
8791005
2307960
3816659
6390928
3658541
4000116
1158105
1502259
5852878
2929067
7297716
8628538
1352764
2276151
4282398
6808147
2788535
5484373
4018482
8655232
275918
299432
2284594
6732902
1167968
8730422
3717221
6340272
4667404
2138407
4647706
9485707
9160477
5147703
7944144
8667180
7594017
7228108
3380123
9094474
4828700
6641168
4413002
5785614
4358666
226851
9950575
9252414
7033430
7396229
2746155
6087398
6547979
8038331
6598620
843084
4852459
2191065
9219157
7788172
2151039
6559939
5422996
4519083
1980713
8323341
8872681
9559022
9822448
1643877
9300970
7893478
1789240
4181285
3408189
2530609
9942593
9906415
3530677
9653605
8792206
4206032
3052202
6526860
6105554
7739827
2454853
3913247
5903801
1469830
2468540
6553688
9613094
9158401
7613826
9286836
2702739
2792033
1234040
8681627
6229543
4399049
4433027
4855653
291674
4075512
2112917
6989135
9145401
8425036
1773323
4255634
6117702
2209221
4277001
7960598
7577734
5687243
8619431
1428826
5687922
6494253
8441726
9660101
67707
7764994
3607933
1594051
7260949
9727027
4783172
5995094
8738693
4018880
7174179
719931
5709360
6051494
8229114
8045589
6618625
3548115
8274837
8627811
5521293
2890008
8720755
847091
8002198
7196327
6968584
6441400
1744144
6881890
8118988
4378275
6512601
7414345
8845210
3229527
5707943
334741
276460
9813159
3332953
2304035
5661102
6014848
4150442
3988572
4538473
3917354
1669391
6486755
7050536
1884660
6457303
9733230
7704693
6809865
5186643
8071657
422051
5263849
1281612
7978020
2518805
7939751
9335909
4029916
7629607
395540
3500312
1364348
4010951
663881
865414
8308660
3186511
9077695
8532077
5627617
2035280
8259643
1344717
5581595
9821794
3450616
877942
9757633
5609053
7447379
4754123
9342122
7991681
2647847
9865921
1191354
7404527
8950095
7621532
4891660
8645813
8372912
8929979
9365128
1307259
8151100
9367852
8544662
6087123
8001078
6622732
1855001
2877468
3517036
397607
6526125
6075421
4210336
6375399
8886933
6007832
2955802
6167897
2660329
5882784
567610
6920224
3637452
7297484
4626188
1599185
4054046
2832253
4743577
209208
6907236
640722
7229283
3841242
7597510
3578137
3999066
8967786
4586426
3402704
5656570
2915285
7147532
3571089
4295135
8226433
3172547
4736444
280040
4405910
4519247
6851021
558715
369557
7905960
5631468
4795049
2304994
8595164
3410233
8851669
1675558
2504752
3854272
1602689
118100
8422774
936989
8836861
354569
1643972
6074890
9382056
7547871
8086312
6300424
9016951
9679728
5090633
2336610
4888326
4260800
7516708
7817688
3879515
4268697
2153913
889932
8272174
1040782
1505363
7014160
8718181
1223637
4072672
9746815
8227084
1681932
6914689
6417319
7843203
3353504
3150372
4604630
7468212
9714275
2009702
4766719
89524
8486005
2964237
8647531
7416592
6681512
3192469
2917380
5587199
1266099
870052
1011164
7029835
7788344
8329380
2897163
1131097
4782136
9766469
2060595
4798711
2426203
9988590
9692293
9217216
8475835
8804131
6236241
365174
534472
7992935
3766024
7143011
2222035
6518287
425477
4013135
3522547
9846857
7967537
8165571
7308892
5034876
917697
6462864
2251463
9984477
4449721
6866759
3770182
9109669
8774606
1391223
3402098
1914690
4837579
2810059
9310126
2721168
8328197
2890327
1673727
1702554
5895076
6808355
7934837
9143294
4855036
797526
3966163
143389
9164293
2885637
7338505
115681
8411510
7710516
8614463
9937566
8724059
7967492
3984509
3844597
9285820
5324680
488958
5018101
1161648
3139444
4655576
82441
2580929
5635975
1441057
6727737
9962575
4231984
1111427
5502783
2019682
1136913
4849964
1676144
5355465
9974381
7659125
539443
6423650
6586337
3048152
4022302
8646401
2537444
2205093
5169409
8096021
753081
4584421
6616577
2443033
6349440
4901451
2271061
7418444
7286144
1987193
1198582
4182510
1539493
7149435
5029019
5200563
2913301
1866438
4214233
7199790
9872979
3676939
9318100
7858823
1414203
2409494
1086067
5094073
7819427
874026
5872583
8388774
2952456
7453868
8145355
6717943
3980596
2720119
5444226
329844
5616354
2700518
1198790
8193917
5265693
7378972
6141574
6159787
9979661
3152871
5702980
8027340
9023751
8937059
2501554
1721838
5050324
8310985
4716590
8099318
8238122
302312
6109380
6320185
1498922
2235784
7749812
8422989
6762276
5480633
4729933
8751837
8777532
8817647
8365952
1344112
2424699
5222917
1746218
1299741
2646316
6317511
2511314
7352429
3941451
2631307
4762381
8846396
5700334
9759202
1030704
6845349
4481718
7527868
3959828
7447377
8842428
548284
2373181
3757373
9035827
5117562
5684969
5103574
4138562
6207352
5404841
7229205
1105861
4309344
9165682
4210105
6131010
8377600
4682160
9495582
8436079
7741844
5337592
6961994
1219002
1113469
6508749
6981989
317131
7688930
9881412
8826912
9377883
5892284
3753209
5622341
5608543
1573211
1625515
3776091
3719445
9896614
5472073
1709063
1975381
7808061
2062804
2834289
1136970
2109617
1823046
8502909
4429802
1858879
4010390
3707611
7346182
4068617
7551745
9563340
4857273
2298803
5197214
4029889
6785687
5843844
5964525
8374148
6407354
1836683
9553725
3513604
6660419
3249485
6101062
2040797
2079907
8911608
4909036
7175537
7281033
8474510
7906420
4663652
372833
8868605
6511186
6956245
5538250
465628
9933606
1617638
329705
2028434
3338162
9292070
1129651
8926529
2701846
864071
7704486
3828669
6125105
991150
4968485
6458026
7034545
824349
8848630
68545
5859217
5726168
2987221
4016141
2662404
4654531
3974887
6592462
4361560
2631454
901464
8201750
2385202
749927
4782560
5838055
7797045
6669828
5783897
5675509
1075765
810709
4895202
301816
3244943
3252930
6679320
5075517
3340413
6895151
5245460
3541466
3393708
7973744
8740438
4004720
431312
6489008
1763899
2680126
2078690
7494921
7977391
3043162
6988193
2267541
6334458
3751710
7870482
4443507
3404723
1208719
7222096
170716
7845433
8988153
7100627
8157359
1650947
9825235
624960
3887914
7913596
3421527
2460872
9269442
998910
405785
7185053
4338276
5769460
7976826
8991806
9522799
9417120
7528932
1505096
4959332
3790240
3691155
833660
8497032
4103462
4159132
9997704
1860125
7041465
9161930
5566779
1694881
6814846
3846493
4319437
3930960
5092015
4709032
5589601
9059844
5095980
1863485
1115140
1672723
204876
2058801
9717665
4695045
7303062
4506590
491951
5181184
5057349
8638428
6174966
691287
4643304
6072013
6158529
7483367
3379899
3231756
8788053
240885
4808841
933402
5167996
6411454
7770528
9771770
3035869
8302743
557192
8642415
1418834
9167280
2160190
9046125
6614665
6581688
9720465
4166703
7510795
9113988
479099
3367829
675486
8663600
4765639
832225
4174289
708510
8705532
144419
4802563
6086572
8859437
5204471
8419993
7412725
7660572
2192655
7439654
2263209
7377271
7490862
2257654
711543
2158077
5242673
6891218
484188
7414756
106992
7304273
7779056
3753989
9341161
9943473
7126766
5536756
377148
1823188
5709701
5202908
4169902
770168
9934577
8708490
7357389
5589547
8083700
6069371
9290943
6801399
8828247
3601964
2061377
7092907
3125614
1182454
951559
4672918
3910829
2825930
1062732
8999676
2667661
9746088
5486558
2618182
6968909
4721653
8840665
302900
7540398
2199845
8351028
4656254
3424630
2157000
3223057
1609231
7877550
5747028
1981696
3066263
5994349
2737622
4272360
1584453
269908
3382601
5237651
6036400
5135947
3582963
8964990
2735401
7291652
529854
5342370
1793997
2152355
9520086
1318742
1299035
4705441
4158539
3723131
3077618
7125595
5012784
5117678
5786155
8573789
3207446
816741
5213939
7186692
4363973
5065719
7749592
8888891
9116262
9102646
8958420
7630793
8499984
7196216
1526717
9707153
2183657
8505703
9769400
358048
9541249
9348612
3394364
6347055
8716621
6145824
8345052
7601767
4429845
2707827
4444589
3505970
4217237
1977244
1844514
5580122
937157
3010675
3230689
7030390
2175584
367555
761597
7198511
8749536
4759209
5050878
9108918
9431118
3258327
2925968
239726
2752979
2562371
243589
8299397
7179464
6969454
3320789
8852999
7290842
711843
341653
7463479
8303058
2654630
98621
1990369
4104674
161049
6555947
4106653
243720
6555375
3070205
6183464
1685244
3966505
8351210
5072546
8364233
368795
3721534
5225274
356640
9748825
7453094
901649
455464
9212055
7639629
2700477
462649
9749953
8839563
7855386
8740398
7087630
7518219
1138212
3932598
6632241
4144102
2280434
3162978
6648340
5787962
2466464
7468686
1918436
8164686
724768
9608166
178786
1271890
1445569
5566288
3175203
2047946
8631715
3419821
3649618
1320658
2512751
1947283
9372073
6303476
4629433
8927942
6578286
8235782
3487822
2744267
5918152
1334991
6946711
4083248
2975681
4750909
1142396
3856047
8733792
6541197
5947169
3431167
3669651
1773582
2569417
9011750
2469117
5561836
4492722
2590022
5715311
9191193
8869615
8826456
3926917
5728533
2900659
6119408
8469128
1566621
8781822
2514486
4568397
5990082
5207716
8929993
3215135
5937922
9603829
528075
6036805
969608
8097792
2485397
4279726
6063989
9936849
8964035
6863428
9190788
3644806
3349762
2965868
3216795
8921078
5911878
3090569
9882203
2253075
3299164
1027758
2446726
2427709
4286094
6132689
745930
6546800
1302658
6516389
9266218
8305549
594659
3379050
7373915
2448108
7522310
2958158
6230524
560262
6843744
5817802
3098714
8463831
1398181
8321383
5430030
7859420
2021166
9498357
8518731
9854517
1976905
7116956
6782505
1966898
5608687
9466047
7951007
9835618
7527239
8979281
6891871
5726958
2879442
85865
1297182
1523087
8577015
1198681
8510552
9609481
6495654
7953049
5751414
61659
9116472
9170589
3872988
4949291
871057
3493020
3844293
8176749
4161470
5480841
3761447
4378540
8423105
8858865
9257433
5897404
9808946
232373
1412035
4514769
677398
8967137
29024
4291529
2141833
2097023
483381
5957780
5973200
2556732
9487488
5256480
1384499
1175043
7458972
6726974
851263
2354107
3167981
2703326
3522915
3771319
9270684
4079371
1036153
8836970
9892759
9731256
6109317
5833932
159193
2666785
8076217
617668
1597096
5130053
4548777
1383261
8938762
6841789
6970497
309172
8985509
6324433
2980017
9675669
9209569
2101015
9603119
8961809
9636943
4404343
8393332
9039796
6127560
3714643
3254483
7832058
6762341
2414392
401744
8188331
5949264
152059
2399168
3366472
3343253
5191930
9376003
8511391
4164057
6657021
4376037
191935
6681401
597330
3467153
353024
8007055
5863824
2456357
544937
4198011
9059300
3158923
4134619
8014729
7170219
3474367
6454208
6884985
7225633
3831653
2298243
3051062
9329262
9598274
9830129
1138242
6059984
3150426
1197256
9602019
2082712
8229316
4237972
2857603
7746459
8666235
2324179
5977344
611884
9354583
7646304
8011486
8361572
7732655
6572391
4399950
8998570
2977866
1159083
8678994
2781704
2874981
4446632
4044602
4208773
167625
1143678
1888155
9691808
6987052
8843903
7163929
4947041
3777661
1537861
8172508
175077
5208586
6968229
1411936
6753454
944695
8408117
2705090
9160428
3604141
1834559
6420604
1772818
4164720
8658216
259104
9340976
3997968
7774645
834576
4207162
123075
2842171
7131674
819613
917690
9936919
9642391
9435793
1551943
2105306
9966216
8017181
1232730
9701194
4870043
1882049
2185215
2512087
2361800
3817767
4629121
5622237
6209061
446042
2165429
8080481
574985
5446150
9214135
4569557
3454006
2668525
5310541
3309025
6750467
3440980
4835620
6247737
5702992
8839020
1782461
2293864
6958544
8916038
4824286
4602372
1074063
3780889
7538863
6877042
123324
759577
5981531
5342303
6878377
6093701
4446815
6595938
8340207
8537121
2598214
499689
2654766
4452115
4718644
5707513
9525310
760738
159272
7578372
4028677
5693708
8405399
4366806
2783310
5047620
8799345
4705888
9336353
8869881
5006769
1773626
9695204
9425154
3278322
2938719
3959089
3120996
9317826
6142088
5944048
9347110
4036770
5616009
1094102
8256017
5097207
1178018
5069582
3311703
957087
283037
5998592
8754859
2568273
8384884
4839873
573202
7889113
2913250
7349245
9709468
1517274
4269338
1162368
311152
3571290
5950157
2671665
7919716
1356250
9123919
4290817
3641387
435121
5559383
2824368
6865446
2326623
9597091
8839239
4188721
3799986
9759109
8026885
4413442
1631881
2739698
5995191
2485847
4145954
4953486
4876242
7981938
2725013
133318
5305796
9202291
5084521
2114848
8591475
4982020
3073012
5364673
5619960
9032188
1601566
8569543
8894926
1723068
4867005
338928
3506414
5363220
4989775
6231882
5103886
9745922
8374258
2691200
2222067
2146331
956205
563384
6112368
7246071
8174665
7218535
8634409
4512608
6721482
4894916
6850945
4342072
4481181
523658
947264
9178571
830780
5908242
6689061
9425235
7912126
8814648
4837839
6099435
2463279
6832468
5008881
1496590
701973
928927
3174989
21228
2435768
8253480
1826813
9595619
5192734
8894539
6948172
2113210
645397
6499560
7117635
4563852
6906318
9744489
2725307
3634234
2045506
5117922
564794
4440527
419127
5954304
6811330
8000681
9142378
9209389
2423226
1158657
8809680
2092286
3745191
980562
1203279
1610284
1696739
6955250
508182
6233220
7931356
5288549
8179035
4365123
7610556
1383995
6875451
1420768
659269
4479683
6399948
6041750
6373739
4890888
8219072
307308
7925572
8647206
3118347
7354102
8205842
1777539
3096935
8880416
218610
4146696
453373
2511259
1958972
4742800
6753007
7187864
6936944
373433
1468768
3421999
476145
4844678
5508249
6258104
3924244
7144509
1252700
4024369
968696
4572742
7999299
783290
1602088
6909780
9130316
9413804
6137067
4987498
1350999
4794035
7964934
4416009
2914862
7766808
2977154
190205
6511956
3977840
3589617
4284391
1973813
1944512
8434754
5112036
497058
3434745
6088815
9832420
2354637
4377034
4188781
1908896
842634
9710396
1021783
9344250
4126121
9255432
5074567
9096183
2605637
8547117
8619822
8343809
7543311
8409446
7693979
9548296
3958543
7412810
8665526
8918860
4642601
8596817
6051905
3260887
8959671
2922557
5586820
7028920
2659769
3376623
7415583
7357950
5049885
2484084
6901471
7807796
7268671
1150720
6821119
7710991
6509068
129901
9104600
4135247
5633641
8360491
9066885
1518771
2598837
5758224
8074075
4790498
9689623
543560
3922483
1030954
6132255
7753409
3866188
1625132
3973401
2235285
2318729
9943922
9874104
488642
7794691
1790080
4203317
8749884
5304676
8949093
1812456
5319389
4268754
3814861
1975470
9238765
8831654
1656956
7570167
5126574
3038957
3604319
9291016
826101
7345466
2874515
8690151
9997396
4533567
6642442
1826094
3630039
129235
9411325
2451310
7232349
1459645
7844794
2225272
3802405
6386053
9013349
2214248
3035724
5986288
7292401
7898107
9033611
3377952
6750205
6447109
1679757
5856226
8226784
8569381
164047
4023724
2702852
151703
9721462
817909
4752503
181840
6278546
4078558
4441463
7651806
9392923
7555479
2531700
8248929
8929973
968239
3125896
2574716
993951
3307023
5101506
8256721
5012429
6406861
8664283
2519669
2077963
5197716
8342812
3093270
2204081
6109246
1455138
5783200
1453904
8708100
5616160
3925412
9779803
7571910
6275525
9987263
6800523
5634070
6810289
9246445
2120786
2626244
7086932
710380
8168367
9613930
8518488
957831
7795607
3776200
9029807
2228648
2259825
1630756
4978485
1848318
6733040
5662534
8891485
4913495
4973791
1568388
4927038
6838944
5496332
6648239
2146287
847126
75217
4422946
523802
8588846
6518609
9575285
8739014
6547072
3174112
9128705
5239976
6630200
4069406
5467777
4234920
731876
5500466
7806391
5286117
7988092
9412364
9660713
6595252
537947
1032885
3735145
6627226
7563181
4860893
3097922
8760633
7817864
5925767
2899851
9833568
8408288
6745912
9088274
1238930
1530431
1069226
1024585
1343404
1158949
5690783
7599448
6544213
2054407
9374738
1304773
3380767
230363
3759684
8890460
2450011
5599050
9750879
953490
4530820
5311997
9064327
295492
8484136
910887
8349459
2285143
1469968
4810301
703097
3631288
7326068
4844692
2241998
7332044
6901529
590501
9736061
1483063
1796799
3000707
1521516
565896
7856572
7696590
3041734
7860462
7867889
496013
2465767
1646118
9769691
4331803
4439484
8544007
7522464
2512061
8460304
333889
1492512
7903826
9370710
2554370
7479575
7650158
6883406
2334941
2724426
9712410
640111
7654392
1743509
2504040
4576353
4746145
7033343
4357799
2309064
7664225
2145981
2484805
2627101
8865482
6421606
5281531
1220038
3643462
4682200
1337609
957873
307040
5881601
1262304
8573669
1879401
9335898
3815248
6019600
5651592
9543724
6645829
1478983
3439791
3344799
7272840
6773216
7085734
978375
3130719
1130323
4035174
115096
1508333
20224
9312137
1883848
7990783
9919478
7247820
6478429
6432078
6747892
2271144
4340582
4103551
2062201
4712408
4877493
3820221
3993214
6760416
5112631
8102871
4192459
6111241
3150292
2571239
3669410
4887091
3599540
8558976
4557121
2229420
5182031
7376472
3459393
8242104
3962418
2523338
26269
1696832
9699631
6797992
2592142
6573020
5799376
6916282
2267184
3760524
6022405
8297181
8742001
3362036
9163281
1861016
5703620
6903173
8730506
166400
4297717
5894403
4082404
1295802
4612368
5956700
3620979
5711127
9090775
3452674
3015107
4138272
9208496
5302785
7191644
8897368
3914366
5943977
1792926
3425878
6007723
4476196
8841629
1044266
8629565
5088111
1701210
139721
6438367
9560332
7262560
5278546
3378105
5865467
3236217
546123
283986
1063682
9020922
1445466
9195426
7107776
73607
6918995
1030511
6690215
7096454
6420980
3010473
6902687
4797477
7161496
8574288
2966417
50700
9789169
5765435
3283144
3593125
1304905
3734377
2595420
1571242
3845409
418579
4260709
495927
2175855
4173069
1854442
6175055
1563774
4887946
746650
3260794
3768977
2740045
9019913
3246077
7625634
2637215
2878000
9829026
489657
8615893
8287296
9297972
8873685
7010903
2333918
4889463
7401208
656754
86799
8582246
7270993
9206342
2632641
2317571
3075200
632986
1140211
3778576
1408977
8867948
1945658
7790041
1537337
72939
3356388
4080470
3554456
6649849
7539118
1943125
6995984
2851310
1384690
3916399
7191159
277824
4630235
5125516
3824556
2912171
4517829
7726977
4509457
7067696
3492231
127314
1582110
495559
3893721
610634
2825409
8088240
8488822
6124692
150564
1396744
8373606
1211361
3206205
137047
2027483
9763999
9728699
9832848
6587750
9228184
5009263
131426
8215602
8622228
3229446
8265750
7921178
681606
3484539
8938506
7285816
2938672
5203730
6506610
7151636
5396989
1755057
2292173
7421513
8471673
4175559
2359933
4517882
9330844
835290
7574727
629515
1504672
1456496
4935759
8831044
6130418
1828795
2335431
697562
9791715
8057823
285110
5609233
5499156
5982722
419949
8456636
9435237
9686659
1429658
430774
9850665
7012084
8610301
9154467
7673883
4531997
3124443
8837359
3592139
9541667
6956587
1805484
1096719
1833286
566863
437042
3518369
2378848
2106746
6244071
6355901
1680434
4764050
2360617
5295415
8029805
1707855
8269443
6912429
8613020
7031548
7530942
3504763
1819790
4236954
563748
2815826
9090822
6115338
3607463
6352200
3445303
9091475
9883608
1416396
6816271
7287192
4244453
5462714
7543865
3290849
1302768
1224918
3214714
7832840
4184582
522579
7717698
6347003
4285566
998496
496621
4722411
8147247
5552527
9816009
6712083
3671502
4086382
4855070
2356006
4439714
7838945
7752880
5449109
2174028
163710
4638222
3944866
3963737
2628052
5161525
9738611
1526993
715782
5581836
1631989
2757228
3595626
8207244
8671205
9243942
2385561
4354759
268569
8717870
7658830
1984882
6195218
4881185
6634770
100623
7312030
6878361
7526925
5805576
7998222
1272451
4961842
5312283
1694367
2573807
4894336
7397992
1369303
7436864
7492241
206503
9554692
8575772
757957
9083549
4497412
6529597
1412517
4968225
48773
2216587
6675471
9119859
3671636
7986346
150667
9756854
6937677
6647760
5206405
3763523
8785130
9964818
5426320
9941475
5648750
6943930
4743088
7179691
3638973
3973484
9694995
5732649
3892711
4918665
7985442
4206281
5423113
3649446
8152137
5108748
5021373
801401
3943478
2265031
4038581
8503674
8558903
8090666
497320
9023599
4850606
2172554
2293254
8689394
6897399
4261233
9042850
9886290
7411853
5889569
2544242
9454203
2306302
9752173
6139226
9668097
7895707
6442631
9696928
6991369
9554483
9388866
2446708
3917783
1900829
2687252
