This output is printed to file by console_output.java class
Array Before Sorting:

7101083
7022592
2329371
7112388
3152576
3184008
9292541
3276465
347497
3231411
8200096
6348173
3370230
5517202
3785432
2554141
408132
7726455
205178
9903748
3570423
5700873
5637645
233332
6405657
491111
1089423
3346294
5940411
6328981
3389925
7625121
2446678
4176137
3051243
9410273
4441587
2958379
3694259
3469938
8734950
3286272
4077924
5993603
9978241
7053192
7883216
1331204
4179262
9802835
287125
2515152
6202076
9191256
732753
9970223
2784544
861170
216092
1107392
9388239
8516993
485300
267393
5585246
3377713
3935928
3284079
4840665
9204926
2127151
1668076
5842693
8192313
7308540
6798885
371200
75772
9269196
3771328
3252898
6529913
6172152
6933081
1269036
7389712
488264
1870865
504729
9710174
429413
4125164
1141867
385394
6380182
32922
9164710
5199862
6242664
6345294
5663868
5718662
5091100
5294517
5130122
3184363
245140
5757464
1503101
1526972
5722705
2284268
6571575
4801646
225769
8707552
9400803
1104277
6305857
4833324
1259974
6328957
7766765
6828214
4129867
1302814
2982599
4278977
3181910
9451705
57656
5475726
6435496
1995169
5360105
6646819
9577782
4256286
8789806
1917911
6811706
303810
1125884
2284125
9486643
5349301
728983
5922973
1364491
4054213
2701873
7853119
4518056
4236856
3058071
1544615
4282665
2348836
25054
5296471
1630723
3299692
1554794
6464205
3422681
5727133
8534333
5863332
7069809
3004373
7792970
8455166
8902740
1372239
8711373
7202822
619240
316267
8259590
3847175
883145
3197452
4385181
3844688
6339688
7533226
1630974
4805541
7177167
3380574
7223831
318097
297272
162159
4409845
3571040
6037538
8867710
5400410
3013133
9504481
908632
4167834
7071903
6654419
2566548
3883921
3665127
4677514
9321824
2524829
7226282
5615647
5563164
7729782
5172586
6713970
1867648
2638066
6466825
4585178
3339841
2980291
8606438
6102743
7246026
2607117
6174611
916074
4853813
6292243
775103
5932361
4170829
9439500
6297546
2954333
632772
6814128
4328107
1277805
5842416
6147252
3176083
2719046
2757532
3301796
1951022
5554394
8122794
4092458
5223025
3044689
6162090
6469874
8779359
8020946
4658907
7642786
397092
4510538
7264059
4983447
3696160
5076989
6655262
1796808
9149303
4672291
3036009
140323
9377775
1603631
6017788
5558545
899422
8180619
3737016
7062373
6419941
237577
2708429
3478973
4330622
3316269
7750294
4323143
6554539
6049906
1253283
345910
2553647
9311871
1811769
6085435
2602731
5557616
8872278
3551345
3694599
6495698
9818040
1939043
9673512
4967017
8569904
2635030
9189529
1675694
9808077
8131234
6145049
7928703
1822944
6356514
4095515
8203806
6568994
6117486
1374382
3772552
8453813
1434551
9994404
1390259
2012490
7901656
1266265
5524364
8625533
7060355
5479641
5210029
2988424
5626144
9894190
5789008
4191524
8613741
953676
8674823
1490421
693222
2197558
7762291
2011985
5278483
932845
6996654
7486329
8904615
5021526
6557298
4912464
8809218
7980228
5122035
8034765
7786227
4151440
806834
1786520
3271656
4414136
5517093
368162
1989274
6146040
7487248
2943043
9715465
2386362
8781215
2811274
5031720
4499557
3468253
8260925
1799315
4846478
1433539
9611458
1136526
6504884
5091999
2580708
5131118
3669412
592199
8996231
3389773
8818756
4765910
479896
2720836
2014487
4833589
7165088
1335708
7522915
5350785
7789960
8474231
4061633
1703831
228483
3132635
9382585
1570559
2894643
67006
4398525
825429
3530274
731292
7866118
4976199
2512065
658820
3338708
9727913
3821785
7861719
6235674
8770742
8774292
7379808
4479786
6851129
587756
5114764
6384188
4379055
7464028
6787037
4833755
5869769
9691522
5543784
7620381
7755883
6554210
5109904
1782598
2338398
6190426
3442035
1472645
9149066
5735664
6086030
2951199
7339986
1069703
9154095
4652187
1900968
3653149
802109
4448336
3477402
2770386
4152806
2327232
5504221
270819
1366776
2239400
7039695
2825667
4577614
542324
9662739
5774629
3754541
1256244
460706
2935009
3005005
213099
5623136
6729558
2222353
1114986
6258522
5680744
6799590
7240970
3680011
1469496
2395497
728717
1877499
3550785
8851504
6037112
9560521
2853661
6835185
9773537
6306215
3063685
9172805
9786348
86567
9530249
2899759
9326096
9933905
408113
2300348
4929831
7072116
4348851
8927334
52717
78459
5796431
265221
3001197
109101
9561572
8254708
4632826
224275
7849772
7389921
5098790
985297
9526956
1434990
8393830
5376989
2524737
7112877
6942814
6969505
295862
6565666
2301354
2285668
452865
8351547
7752319
536650
6670524
3722393
6426349
3556933
5924258
1980479
2949330
7579826
9928487
6907879
1494424
26257
2864426
7544518
689886
9881932
8710437
109428
2058363
4886001
9066885
4604728
1818523
3604441
8930099
3315980
771821
8345770
772840
9050357
7772247
3955157
1158968
4017987
9482399
6451727
1054756
707743
9997971
6344840
9887396
2843149
930396
1362966
8778953
8803758
6129289
9445860
816199
8571271
5433628
7701630
2965044
9539880
1016792
8868634
9317349
9652117
3548570
6042489
2752376
8948974
3707020
4402544
7106331
2072526
2333548
7771695
4077892
963714
1769049
7634348
2362030
6269299
4746256
9327928
1415458
1615721
9813561
1441751
855216
4227429
3590245
9979759
5363133
115728
7877671
9125765
4514157
1617796
570151
3358360
7990221
2001946
9633449
9178184
4343680
9683195
2579371
6209708
9133327
1250336
1138926
6422601
2628991
7802247
107732
5948115
5542756
3739120
8305657
4791316
3161034
2470729
5587945
554663
4979034
7824682
7996304
9658425
6084827
2247644
3300674
1865964
8011720
8524935
9894470
42042
9742822
6666372
1470256
5021618
5815882
1443564
6852725
8499156
4447702
2803242
8195511
415768
266777
9607129
7045471
2769508
3575849
4246325
5092281
3656646
7048354
2477575
5785011
8308964
4552729
6719107
7659986
7802214
9940853
4352085
2193833
4389219
3766133
3348409
8655243
678373
4724577
8144204
421408
6338378
151366
1070538
7504027
8485088
3014115
2934265
2812578
2154073
3036877
4294775
4163746
8541271
9111849
9808965
7480587
1160724
4814337
2228929
8002581
1914095
862006
3548459
1576585
4175129
598393
7516595
9980264
6081926
4956538
5800203
2099674
3131269
7941393
8808944
4657239
9035572
4722672
8668267
4952134
8695279
3468118
7830151
4845588
1144512
9705978
6792465
9562427
4488388
9365638
497828
9085774
5532129
4719238
4987389
9651062
5043907
2621453
3109968
4874285
4598398
5929962
3095354
2888766
8792544
8498677
7915581
8406134
7347078
424466
2488788
95032
7603323
5623529
5119810
3197383
2016954
3430355
9323939
1487451
8280700
8087137
2565053
1923515
9217452
4990342
5678431
3882920
3661731
7736868
3955976
1959748
1281470
5147979
7777123
7311566
7956776
9386748
3935057
2266379
7228854
3922834
5045359
4927152
9767861
1907286
431484
1391699
7492194
5818411
1790430
3069096
3563883
1633553
2934782
1700788
7996217
669781
4722669
4823662
686149
1295941
3382465
1245145
6716644
1449308
7278135
8115495
2247053
461380
7023292
401597
5187317
6044456
6304464
1512148
4253322
3476777
5671025
2520609
9365043
995910
4362702
4147150
9001106
7042287
558066
4299994
2752643
3476072
3986754
8719752
5403948
2229058
1118204
7084435
3769456
4207875
3060722
6728516
2721289
4682309
7583845
1564569
739845
8615182
2771093
7230469
5417350
8730511
7680980
8480948
8147019
7291934
2294396
6778135
5438621
9711645
3935497
5614947
9841171
5024955
91497
9722747
7063185
3115829
9535397
9035369
586665
130959
3343538
2104499
2658027
6520603
3432013
6655731
5152060
6646560
2005824
7574344
4401339
146809
4849044
3411112
3581977
1944802
7644601
8993855
524479
9971177
5828962
7916965
6529232
13000
5485870
1080362
1633865
1499355
7511696
7195640
6257616
5583229
8643495
876548
4026258
1122838
8310602
4405842
6230598
5370768
5656256
1414815
6837381
138752
7824494
3080151
5275211
9561554
3947261
1611858
1766596
6237644
6103852
5397498
8156336
6360873
9861032
1930263
4643960
6429459
2508542
5698692
3285209
4112441
2732133
6418700
1036640
8258233
3709432
109749
8106984
4252261
5037636
4009885
8685565
3507962
9479496
8166863
4574841
601348
4734401
9191047
8452097
2365763
2772754
1389008
8264906
4835748
9919831
1763428
904765
7137870
1264247
7954786
6471128
2807685
344983
5736376
